0.0648815000000000
0.0667318000000000
0.0685513000000000
0.0699821000000000
0.0709000000000000
0.0713334000000000
0.0713202000000000
0.0712604000000000
0.0712231000000000
0.0712280000000000
0.0714914000000000
0.0718877000000000
0.0720185000000000
0.0718268000000000
0.0714934000000000
0.0711319000000000
0.0707629000000000
0.0704367000000000
0.0700940000000000
0.0698404000000000
0.0698193000000000
0.0700539000000000
0.0702815000000000
0.0705030000000000
0.0704727000000000
0.0705277000000000
0.0708095000000000
0.0713124000000000
0.0716223000000000
0.0719053000000000
0.0724491000000000
0.0730907000000000
0.0736521000000000
0.0740470000000000
0.0743349000000000
0.0745425000000000
0.0746911000000000
0.0746534000000000
0.0745703000000000
0.0742853000000000
0.0737942000000000
0.0728180000000000
0.0716223000000000
0.0704587000000000
0.0691047000000000
0.0675675000000000
0.0660264000000000
0.0644919000000000
0.0626681000000000
0.0607546000000000
0.0587747000000000
0.0567782000000000
0.0547324000000000
0.0528441000000000
0.0511254000000000
0.0495729000000000
0.0481390000000000
0.0468009000000000
0.0456455000000000
0.0446906000000000
0.0438733000000000
0.0431621000000000
0.0426533000000000
0.0422062000000000
0.0417743000000000
0.0412972000000000
0.0409113000000000
0.0405705000000000
0.0403017000000000
0.0400089000000000
0.0397273000000000
0.0395205000000000
0.0392920000000000
0.0390352000000000
0.0387726000000000
0.0385228000000000
0.0382599000000000
0.0378812000000000
0.0375100000000000
0.0371492000000000
0.0367757000000000
0.0363000000000000
0.0357606000000000
0.0352100000000000
0.0345829000000000
0.0339091000000000
0.0331842000000000
0.0323774000000000
0.0315189000000000
0.0305842000000000
0.0296622000000000
0.0286992000000000
0.0276921000000000
0.0266404000000000
0.0255901000000000
0.0245165000000000
0.0234283000000000
0.0223279000000000
0.0212239000000000
0.0201366000000000
0.0190485000000000
0.0179798000000000
0.0169429000000000
0.0159234000000000
0.0149343000000000
0.0139785000000000
0.0130497000000000
0.0121542000000000
0.0112959000000000
0.0104800000000000
0.00970081000000000
0.00895396000000000
0.00824610000000000
0.00758000000000000
0.00695743000000000
0.00638669000000000
0.00586805000000000
0.00540153000000000
0.00499129000000000
0.00463493000000000
0.00433379000000000
0.00408503000000000
0.00388739000000000
0.00374206000000000
0.00365252000000000
0.00361178000000000
0.00361934000000000
0.00367282000000000
0.00376967000000000
0.00390324000000000
0.00406899000000000
0.00426366000000000
0.00448428000000000
0.00472995000000000
0.00499348000000000
0.00527276000000000
0.00556455000000000
0.00586623000000000
0.00617059000000000
0.00647922000000000
0.00678640000000000
0.00709000000000000
0.00738800000000000
0.00767415000000000
0.00794833000000000
0.00820829000000000
0.00845364000000000
0.00868499000000000
0.00890368000000000
0.00911190000000000
0.00930939000000000
0.00950012000000000
0.00968213000000000
0.00986391000000000
0.0100400000000000
0.0102144000000000
0.0103855000000000
0.0105557000000000
0.0107242000000000
0.0108889000000000
0.0110480000000000
0.0112169000000000
0.0114015000000000
0.0116055000000000
0.0118272000000000
0.0120748000000000
0.0123402000000000
0.0126280000000000
0.0129330000000000
0.0132595000000000
0.0135979000000000
0.0139469000000000
0.0143014000000000
0.0146577000000000
0.0150102000000000
0.0153567000000000
0.0156935000000000
0.0160234000000000
0.0163397000000000
0.0166478000000000
0.0169452000000000
0.0172407000000000
0.0175269000000000
0.0178005000000000
0.0180658000000000
0.0183248000000000
0.0185679000000000
0.0188000000000000
0.0190186000000000
0.0192278000000000
0.0194191000000000
0.0195991000000000
0.0197663000000000
0.0199222000000000
0.0200656000000000
0.0201988000000000
0.0203266000000000
0.0204577000000000
0.0205849000000000
0.0207154000000000
0.0208540000000000
0.0210068000000000
0.0211716000000000
0.0213477000000000
0.0215458000000000
0.0217636000000000
0.0220033000000000
0.0222680000000000
0.0225525000000000
0.0228594000000000
0.0231769000000000
0.0235022000000000
0.0238419000000000
0.0241985000000000
0.0245610000000000
0.0249170000000000
0.0252691000000000
0.0256167000000000
0.0259503000000000
0.0262545000000000
0.0265303000000000
0.0267861000000000
0.0270098000000000
0.0272066000000000
0.0273792000000000
0.0275228000000000
0.0276449000000000
0.0277392000000000
0.0278211000000000
0.0278951000000000
0.0279776000000000
0.0280723000000000
0.0281944000000000
0.0283603000000000
0.0285729000000000
0.0288460000000000
0.0291814000000000
0.0295993000000000
0.0300771000000000
0.0306343000000000
0.0312475000000000
0.0319268000000000
0.0326585000000000
0.0334412000000000
0.0342546000000000
0.0351007000000000
0.0359489000000000
0.0367793000000000
0.0375880000000000
0.0383232000000000
0.0390136000000000
0.0396312000000000
0.0402217000000000
0.0408042000000000
0.0414183000000000
0.0421067000000000
0.0428800000000000
0.0438083000000000
0.0448612000000000
0.0461069000000000
0.0474949000000000
0.0491126000000000
0.0508487000000000
0.0527301000000000
0.0546996000000000
0.0567611000000000
0.0588679000000000
0.0608295000000000
0.0627500000000000
0.0644721000000000
0.0661121000000000
0.0674706000000000
0.0686749000000000
0.0696352000000000
0.0704652000000000
0.0709948000000000
0.0714015000000000
0.0713582000000000
0.0711272000000000
0.0701854000000000
0.0689206000000000
0.0665762000000000
0.0639476000000000
0.0604821000000000
0.0568583000000000
0.0527473000000000
0.0487258000000000
0.0447070000000000
0.0408585000000000
0.0371411000000000
0.0336710000000000
0.0304587000000000
0.0275021000000000
0.0247868000000000
0.0223303000000000
0.0201436000000000
0.0181733000000000
0.0164205000000000
0.0148521000000000
0.0134714000000000
0.0122406000000000
0.0111549000000000
0.0101925000000000
0.00934301000000000
0.00858695000000000
0.00791505000000000
0.00731259000000000
0.00677109000000000
0.00628030000000000
0.00583221000000000
0.00542144000000000
0.00504490000000000
0.00469652000000000
0.00437346000000000
0.00407204000000000
0.00379222000000000
0.00353020000000000
0.00328562000000000
0.00305749000000000
0.00284347000000000
0.00264340000000000
0.00245633000000000
0.00228092000000000
0.00211680000000000
0.00196361000000000
0.00182056000000000
0.00168688000000000
0.00156284000000000
0.00144677000000000
0.00133883000000000
0.00123860000000000
0.00114590000000000
0.00105907000000000
0.000978276000000000
0.000904086000000000
0.000836090000000000
0.000772889000000000
0.000715026000000000
0.000661618000000000
0.000612349000000000
0.000567642000000000
0.000527220000000000
0.000489940000000000
0.000456364000000000
0.000425665000000000
0.000398123000000000
0.000373159000000000
0.000351044000000000
0.000331411000000000
0.000313711000000000
0.000298414000000000
0.000283146000000000
0.000267960000000000
0.000252885000000000
0.000237952000000000
0.000223193000000000
0.000208636000000000
0.000194314000000000
0.000180256000000000
0.000166494000000000
0.000153058000000000
0.000139979000000000
0.000127287000000000
0.000115013000000000
0.000103187000000000
9.18411000000000e-05
8.10049000000000e-05
7.07092000000000e-05
6.09847000000000e-05
5.18621000000000e-05
4.33720000000000e-05
3.55450000000000e-05
2.84118000000000e-05
2.20031000000000e-05
1.63494000000000e-05
1.14814000000000e-05
7.42983000000000e-06
4.22525000000000e-06
1.89832000000000e-06
4.79687000000000e-07
1.05249000000000e-13
0
0
0
0
0
0
0
0
0
0
0
0
0
0
0
0
0
0
0
0
0
0
0
0
0
0
0
0
0
0
0
0
0
0
0
0
0
0
0
0
0
0
0
0
0
0
0
0
0
0
0
0
0
0
0
0
0
0
0
0
0
0
0
0
0
0
0
0
0
0
0
0
0
0
0
0
0
0
0
0
0
0
0
0
0
0
0
0
0
0
0
0
0
0
0
0
0
0
0
0
0
0
0
0
0
0
0
0
0
0
0
0
0
0
0
0
0
0
0
0
0
0
0
0
0
0
0
0
0
0
0
0
0
0
0
0
0
0
0
0
0
0
0
0
0
0
0
0
0
0
0
0
0
0
0
0
0
0
0
0
0
0
0
0
0
0
0
0
0
0
0
0
0
0
0
0
0
0
0
0
0
0
0
0
0
0
0
0
0
0
0
0
0
0
0
0
0
0
0
0
0
0
0
0
0
0
0
0
0
0
0
0
0
0
0
0
0
0
0
0
0
0
0
0
0
0
0
0
0
0
0
0
0
0
0
0
0
0
0
0
0
0
0
0
0
0
0
0
0
0
0
0
0
0
0
0
0
0
0
0
0
0
0
0
0
0
0
0
0
0
0
0
0
0
0
0
0
0
0
0
0
0
0
0
0
0
0
0
0
0
0
0
0
0
0
0
0
0
0
0
0
0
0
0
0
0
0
0
0
0
0
0
0
0
0
0
0
0
0
0
0
0
0
0
0
0
0
0
0
0
0
0
0
0
0
0
0
0
0
0
0
0
0
0
0
0
0
0
0
0
0
0
0
0
0
0
0
0
0
0
0
0
0
0
0
0
0
0
0
0
0
0
0
0
0
0
0
0
0
0
0
0
0
0
0
0
0
0
0
0
0
0
0
0
0
0
0
0
0
0
0
0
0
0
0
0
0
0
0
0
0
0
0
0
0
0
0
0
0
0
0
0
0
0
0
0
0
0
0
0
0
0
0
0
0
0
0
0
0
0
0
0
0
0
0
0
0
0
0
0
0
0
0
0
0
0
0
0
0
0
0
0
0
0
0
0
0
0
0
0
0
0
0
0
0
0
0
0
0
0
0
0
0
0
0
0
0
0
0
0
0
0
0
0
0
0
0
0
0
0
0
0
0
0
0
0
0
0
0
0
0
0
0
0
0
0
0
0
0
0
0
0
0
0
0
0
0
0
0
0
0
0
0
0
0
0
0
0
0
0
0
0
0
0
0
0
0
0
0
0
0
0
0
0
0
0
0
0
0
0
0
0
0
0
0
0
0
0
0
0
0
0
0
0
0
0
0
0
0
0
0
0
0
0
0
0
0
0
0
0
0
0
0
0
0
0
0
0
0
0
0
0
0
0
0
0
0
0
0
0
0
0
0
0
0
0
0
0
0
0
0
0
0
0
0
0
0
0
0
0
0
0
0
0
0
0
0
0
0
0
0
0
0
0
0
0
0
0
0
0
0
0
0
0
0
0
0
0
0
0
0
0
0
0
0
0
0
0
0
0
0
0
0
0
0
0
0
0
0
0
0
0
0
0
0
0
0
0
0
0
0
0
0
0
0
0
0
0
0
0
0
0
0
0
0
0
0
0
0
0
0
0
0
0
0
0
0
0
0
0
0
0
0
0
0
0
0
0
0
0
0
0
0
0
0
0
0
0
0
0
0
0
0
0
0
0
0
0
0
0
0
0
0
0
0
0
0
0
0
0
0
0
0
0
0
0
0
0
0
0
0
0
0
0
0
0
0
0
0
0
0
0
0
0
0
0
0
0
0
0
0
0
0
0
0
0
0
0
0
0
0
0
0
0
0
0
0
0
0
0
0
0
0
0
0
0
0
0
0
0
0
0
0
0
0
0
0
0
0
0
0
0
0
0
0
0
0
0
0
0
0
0
0
0
0
0
0
0
0
0
0
0
0
0
0
0
0
0
0
0
0
0
0
0
0
0
0
0
0
0
0
0
0
0
0
0
0
0
0
0
0
0
0
0
0
0
0
0
0
0
0
0
0
0
0
0
0
0
0
0
0
0
0
0
0
0
0
0
0
0
0
0
0
0
0
0
0
0
0
0
0
0
0
0
0
0
0
0
0
0
0
0
0
0
0
0
0
0
0
0
0
0
0
0
0
0
0
0
0
0
0
0
0
0
0
0
0
0
0
0
0
0
0
0
0
0
0
0
0
0
0
0
0
0
0
0
0
0
0
0
0
0
0
0
0
0
0
0
0
0
0
0
0
0
0
0
0
0
0
0
0
0
0
0
0
0
0
0
0
0
0
0
0
0
0
0
0
0
0
0
0
0
0
0
0
0
0
0
0
0
0
0
0
0
0
0
0
0
0
0
0
0
0
0
0
0
0
0
0
0
0
0
0
0
0
0
0
0
0
0
0
0
0
0
0
0
0
0
0
0
0
0
0
0
0
0
0
0
0
0
0
0
0
0
0
0
0
0
0
0
0
0
0
0
0
0
0
0
0
0
0
0
0
0
0
0
0
0
0
0
0
0
0
0
0
0
0
0
0
0
0
0
0
0
0
0
0
0
0
0
0
0
0
0
0
0
0
0
0
0
0
0
0
0
0
0
0
0
0
0
0
0
0
0
0
0
0
0
0
0
0
0
0
0
0
0
0
0
0
0
0
0
0
0
0
0
0
0
0
0
0
0
0
0
0
0
0
0
0
0
0
0
0
0
0
0
0
0
0
0
0
0
0
0
0
0
0
0
0
0
0
0
0
0
0
0
0
0
0
0
0
0
0
0
0
0
0
0
0
0
0
0
0
0
0
0
0
0
0
0
0
0
0
0
0
0
0
0
0
0
0
0
0
0
0
0
0
0
0
0
0
0
0
0
0
0
0
0
0
0
0
0
0
0
0
0
0
0
0
0
0
0
0
0
0
0
0
0
0
0
0
0
0
0
0
0
0
0
0
0
0
0
0
0
0
0
0
0
0
0
0
0
0
0
0
0
0
0
0
0
0
0
0
0
0
0
0
0
0
0
0
0
0
0
0
0
0
0
0
0
0
0
0
0
0
0
0
0
0
0
0
0
0
0
0
0
0
0
0
0
0
0
0
0
0
0
0
0
0
0
0
0
0
0
0
0
0
0
0
0
0
0
0
0
0
0
0
0
0
0
0
0
0
0
0
0
0
0
0
0
0
0
0
0
0
0
0
0
0
0
0
0
0
0
0
0
0
0
0
0
0
0
0
0
0
0
0
0
0
0
0
0
0
0
0
0
0
0
0
0
0
0
0
0
0
0
0
0
0
0
0
0
0
0
0
0
0
0
0
0
0
0
0
0
0
0
0
0
0
0
0
0
0
0
0
0
0
0
0
0
0
0
0
0
0
0
0
0
0
0
0
0
0
0
0
0
0
0
0
0
0
0
0
0
0
0
0
0
0
0
0
0
0
0
0
0
0
0
0
0
0
0
0
0
0
0
0
0
0
0
0
0
0
0
0
0
0
0
0
0
0
0
0
0
0
0
0
0
0
0
0
0
0
0
0
0
0
0
0
0
0
0
0
0
0
0
0
0
0
0
0
0
0
0
0
0
0
0
0
0
0
0
0
0
0
0
0
0
0
0
0
0
0
0
0
0
0
0
0
0
0
0
0
0
0
0
0
0
0
0
0
0
0
0
0
0
0
0
0
0
0
0
0
0
0
0
0
0
0
0
0
0
0
0
0
0
0
0
0
0
0
0
0
0
0
0
0
0
0
0
0
0
0
0
0
0
0
0
0
0
0
0
0
0
0
0
0
0
0
0
0
0
0
0
0
0
0
0
0
0
0
0
0
0
0
0
0
0
0
0
0
0
0
0
0
0
0
0
0
0
0
0
0
0
0
0
0
0
0
0
0
0
0
0
0
0
0
0
0
0