109.700000000000
103.700000000000
97.9800000000000
92.4400000000000
87.1300000000000
82.3100000000000
78.0600000000000
74.0400000000000
70.1300000000000
66.5400000000000
63
59.5400000000000
56.1600000000000
53
50.0100000000000
47.2300000000000
44.6300000000000
42.2000000000000
39.9600000000000
37.8000000000000
35.6700000000000
33.6200000000000
31.7000000000000
29.9300000000000
28.3200000000000
26.7900000000000
25.3500000000000
24.0200000000000
22.7600000000000
21.5000000000000
20.2400000000000
19.0100000000000
17.8500000000000
16.7600000000000
15.7500000000000
14.8100000000000
13.9200000000000
13.1200000000000
12.3300000000000
11.6100000000000
10.9600000000000
10.4100000000000
9.92400000000000
9.41000000000000
8.94700000000000
8.50800000000000
8.08700000000000
7.64000000000000
7.26800000000000
6.93900000000000
6.66000000000000
6.42200000000000
6.22200000000000
6.01000000000000
5.78200000000000
5.57300000000000
5.37000000000000
5.17300000000000
4.94600000000000
4.76100000000000
4.57500000000000
4.41900000000000
4.25900000000000
4.11700000000000
4.00600000000000
3.94500000000000
3.85300000000000
3.78400000000000
3.67100000000000
3.55400000000000
3.46200000000000
3.36300000000000
3.28200000000000
3.18400000000000
3.10200000000000
3.05100000000000
2.98300000000000
2.94700000000000
2.91300000000000
2.86900000000000
2.80300000000000
2.77700000000000
2.75100000000000
2.72600000000000
2.70200000000000
2.67900000000000
2.65600000000000
2.63400000000000
2.61300000000000
2.59300000000000
2.57300000000000
2.55400000000000
2.53600000000000
2.51900000000000
2.50200000000000
2.48600000000000
2.47100000000000
2.45700000000000
2.44300000000000
2.43000000000000
2.41700000000000
2.40500000000000
2.39400000000000
2.38400000000000
2.37400000000000
2.36500000000000
2.35600000000000
2.34800000000000
2.34100000000000
2.33400000000000
2.32800000000000
2.32300000000000
2.31800000000000
2.31400000000000
2.31000000000000
2.30700000000000
2.30400000000000
2.30200000000000
2.30100000000000
2.30000000000000
2.30000000000000
2.30000000000000
2.30000000000000
2.30000000000000
2.30000000000000
2.30000000000000
2.30000000000000
2.30000000000000
2.30000000000000
2.30000000000000
2.30000000000000
2.30000000000000
2.30000000000000
2.30000000000000
2.30000000000000
2.30000000000000
2.30000000000000
2.30000000000000
2.30000000000000
2.30000000000000
2.30000000000000
2.30000000000000
2.30000000000000
2.30000000000000
2.30000000000000
2.30000000000000
2.30000000000000
2.30000000000000
2.30000000000000
2.30000000000000
2.30000000000000
2.30000000000000
2.30000000000000
2.30000000000000
2.30000000000000
2.30000000000000
2.30000000000000
2.30000000000000
2.30000000000000
2.30000000000000
2.30000000000000
2.30000000000000
2.30000000000000
2.30000000000000
2.30000000000000
2.30000000000000
2.30000000000000
2.30000000000000
2.30000000000000
2.30000000000000
2.30000000000000
2.30000000000000
2.30000000000000
2.30000000000000
2.30000000000000
2.30000000000000
2.30000000000000
2.30000000000000
2.30000000000000
2.30000000000000
2.30000000000000
2.30000000000000
2.30000000000000
2.30000000000000
2.30000000000000
2.30000000000000
2.30000000000000
2.30000000000000
2.30000000000000
2.30000000000000
2.30000000000000
2.30000000000000
2.30000000000000
2.30000000000000
2.30000000000000
2.30000000000000
2.30000000000000
2.30000000000000
2.30000000000000
2.30000000000000
2.30000000000000
2.30000000000000
2.30000000000000
2.30000000000000
2.30000000000000
2.30000000000000
2.30000000000000
2.30000000000000
2.30000000000000
2.30000000000000
2.30000000000000
2.30000000000000
2.30000000000000
2.30000000000000
2.30000000000000
2.30000000000000
2.30000000000000
2.30000000000000
2.30000000000000
2.30000000000000
2.30000000000000
2.30000000000000
2.30000000000000
2.30000000000000
2.30000000000000
2.30000000000000
2.30000000000000
2.30000000000000
2.30000000000000
2.30000000000000
2.30000000000000
2.30000000000000
2.30000000000000
2.30000000000000
2.30000000000000
2.30000000000000
2.30000000000000
2.30000000000000
2.30000000000000
2.30000000000000
2.30000000000000
2.30000000000000
2.30000000000000
2.30000000000000
2.30000000000000
2.30000000000000
2.30000000000000
2.30000000000000
2.30000000000000
2.30000000000000
2.30000000000000
2.30000000000000
2.30000000000000
2.30000000000000
2.30000000000000
2.30000000000000
2.30000000000000
2.30000000000000
2.30000000000000
2.30000000000000
2.30000000000000
2.30000000000000
2.30000000000000
2.30000000000000
2.30000000000000
2.30000000000000
2.30000000000000
2.30000000000000
2.30000000000000
2.30000000000000
2.30000000000000
2.30000000000000
2.30000000000000
2.30000000000000
2.30000000000000
2.30000000000000
2.30000000000000
2.30000000000000
2.30000000000000
2.30000000000000
2.30000000000000
2.30000000000000
2.30000000000000
2.30000000000000
2.30000000000000
2.30000000000000
2.30000000000000
2.30000000000000
2.30000000000000
2.30000000000000
2.30000000000000
2.30000000000000
2.30000000000000
2.30000000000000
2.30000000000000
2.30000000000000
2.30000000000000
2.30000000000000
2.30000000000000
2.30000000000000
2.30000000000000
2.30000000000000
2.30000000000000
2.30000000000000
2.30000000000000
2.30000000000000
2.30000000000000
2.30000000000000
2.30000000000000
2.30000000000000
2.30000000000000
2.30000000000000
2.30000000000000
2.30000000000000
2.30000000000000
2.30000000000000
2.30000000000000
2.30000000000000
2.30000000000000
2.30000000000000
2.30000000000000
2.30000000000000
2.30000000000000
2.30000000000000
2.30000000000000
2.30000000000000
2.30000000000000
2.30000000000000
2.30000000000000
2.30000000000000
2.30000000000000
2.30000000000000
2.30000000000000
2.30000000000000
2.30000000000000
2.30000000000000
2.30000000000000
2.30000000000000
2.30000000000000
2.30000000000000
2.30000000000000
2.30000000000000
2.30000000000000
2.30000000000000
2.30000000000000
2.30000000000000
2.30000000000000
2.30000000000000
2.30000000000000
2.30000000000000
2.30000000000000
2.30000000000000
2.30000000000000
2.30000000000000
2.30000000000000
2.30000000000000
2.30000000000000
2.30000000000000
2.30000000000000
2.30000000000000
2.30000000000000
2.30000000000000
2.30000000000000
2.30000000000000
2.30000000000000
2.30000000000000
2.30000000000000
2.30000000000000
2.30000000000000
2.30000000000000
2.30000000000000
2.30000000000000
2.30000000000000
2.30000000000000
2.30000000000000
2.30000000000000
2.30000000000000
2.30000000000000
2.30000000000000
2.30000000000000
2.30000000000000
2.30000000000000
2.30000000000000
2.30000000000000
2.30000000000000
2.30000000000000
2.30000000000000
2.30000000000000
2.30000000000000
2.30000000000000
2.30000000000000
2.30000000000000
2.30000000000000
2.30000000000000
2.30000000000000
2.30000000000000
2.30000000000000
2.30000000000000
2.30000000000000
2.30000000000000
2.30000000000000
2.30000000000000
2.30000000000000
2.30000000000000
2.30000000000000
2.30000000000000
2.30000000000000
2.30000000000000
2.30000000000000
2.30000000000000
2.30000000000000
2.30000000000000
2.30000000000000
2.30000000000000
2.30000000000000
2.30000000000000
2.30000000000000
2.30000000000000
2.30000000000000
2.30000000000000
2.30000000000000
2.30000000000000
2.30000000000000
2.30000000000000
2.30000000000000
2.30000000000000
2.30000000000000
2.30000000000000
2.30000000000000
2.30000000000000
2.30000000000000
2.30000000000000
2.30000000000000
2.30000000000000
2.30000000000000
2.30000000000000
2.30000000000000
2.30000000000000
2.30000000000000
2.30000000000000
2.30000000000000
2.30000000000000
2.30000000000000
2.30000000000000
2.30000000000000
2.30000000000000
2.30000000000000
2.30000000000000
2.30000000000000
2.30000000000000
2.30000000000000
2.30000000000000
2.30000000000000
2.30000000000000
2.30000000000000
2.30000000000000
2.30000000000000
2.30000000000000
2.30000000000000
2.30000000000000
2.30000000000000
2.30000000000000
2.30000000000000
2.30000000000000
2.30000000000000
2.30000000000000
2.30000000000000
2.30000000000000
2.30000000000000
2.30000000000000
2.30000000000000
2.30000000000000
2.30000000000000
2.30000000000000
2.30000000000000
2.30000000000000
2.30000000000000
2.30000000000000
2.30000000000000
2.30000000000000
2.30000000000000
2.30000000000000
2.30000000000000
2.30000000000000
2.30000000000000
2.30000000000000
2.30000000000000
2.30000000000000
2.30000000000000
2.30000000000000
2.30000000000000
2.30000000000000
2.30000000000000
2.30000000000000
2.30000000000000
2.30000000000000
2.30000000000000
2.30000000000000
2.30000000000000
2.30000000000000
2.30000000000000
2.30000000000000
2.30000000000000
2.30000000000000
2.30000000000000
2.30000000000000
2.30000000000000
2.30000000000000
2.30000000000000
2.30000000000000
2.30000000000000
2.30000000000000
2.30000000000000
2.30000000000000
2.30000000000000
2.30000000000000
2.30000000000000
2.30000000000000
2.30000000000000
2.30000000000000
2.30000000000000
2.30000000000000
2.30000000000000
2.30000000000000
2.30000000000000
2.30000000000000
2.30000000000000
2.30000000000000
2.30000000000000
2.30000000000000
2.30000000000000
2.30000000000000
2.30000000000000
2.30000000000000
2.30000000000000
2.30000000000000
2.30000000000000
2.30000000000000
2.30000000000000
2.30000000000000
2.30000000000000
2.30000000000000
2.30000000000000
2.30000000000000
2.30000000000000
2.30000000000000
2.30000000000000
2.30000000000000
2.30000000000000
2.30000000000000
2.30000000000000
2.30000000000000
2.30000000000000
2.30000000000000
2.30000000000000
2.30000000000000
2.30000000000000
2.30000000000000
2.30000000000000
2.30000000000000
2.30000000000000
2.30000000000000
2.30000000000000
2.30000000000000
2.30000000000000
2.30000000000000
2.30000000000000
2.30000000000000
2.30000000000000
2.30000000000000
2.30000000000000
2.30000000000000
2.30000000000000
2.30000000000000
2.30000000000000
2.30000000000000
2.30000000000000
2.30000000000000
2.30000000000000
2.30000000000000
2.30000000000000
2.30000000000000
2.30000000000000
2.30000000000000
2.30000000000000
2.30000000000000
2.30000000000000
2.30000000000000
2.30000000000000
2.30000000000000
2.30000000000000
2.30000000000000
2.30000000000000
2.30000000000000
2.30000000000000
2.30000000000000
2.30000000000000
2.30000000000000
2.30000000000000
2.30000000000000
2.30000000000000
2.30000000000000
2.30000000000000
2.30000000000000
2.30000000000000
2.30000000000000
2.30000000000000
2.30000000000000
2.30000000000000
2.30000000000000
2.30000000000000
2.30000000000000
2.30000000000000
2.30000000000000
2.30000000000000
2.30000000000000
2.30000000000000
2.30000000000000
2.30000000000000
2.30000000000000
2.30000000000000
2.30000000000000
2.30000000000000
2.30000000000000
2.30000000000000
2.30000000000000
2.30000000000000
2.30000000000000
2.30000000000000
2.30000000000000
2.30000000000000
2.30000000000000
2.30000000000000
2.30000000000000
2.30000000000000
2.30000000000000
2.30000000000000
2.30000000000000
2.30000000000000
2.30000000000000
2.30000000000000
2.30000000000000
2.30000000000000
2.30000000000000
2.30000000000000
2.30000000000000
2.30000000000000
2.30000000000000
2.30000000000000
2.30000000000000
2.30000000000000
2.30000000000000
2.30000000000000
2.30000000000000
2.30000000000000
2.30000000000000
2.30000000000000
2.30000000000000
2.30000000000000
2.30000000000000
2.30000000000000
2.30000000000000
2.30000000000000
2.30000000000000
2.30000000000000
2.30000000000000
2.30000000000000
2.30000000000000
2.30000000000000
2.30000000000000
2.30000000000000
2.30000000000000
2.30000000000000
2.30000000000000
2.30000000000000
2.30000000000000
2.30000000000000
2.30000000000000
2.30000000000000
2.30000000000000
2.30000000000000
2.30000000000000
2.30000000000000
2.30000000000000
2.30000000000000
2.30000000000000
2.30000000000000
2.30000000000000
2.30000000000000
2.30000000000000
2.30000000000000
2.30000000000000
2.30000000000000
2.30000000000000
2.30000000000000
2.30000000000000
2.30000000000000
2.30000000000000
2.30000000000000
2.30000000000000
2.30000000000000
2.30000000000000
2.30000000000000
2.30000000000000
2.30000000000000
2.30000000000000
2.30000000000000
2.30000000000000
2.30000000000000
2.30000000000000
2.30000000000000
2.30000000000000
2.30000000000000
2.30000000000000
2.30000000000000
2.30000000000000
2.30000000000000
2.30000000000000
2.30000000000000
2.30000000000000
2.30000000000000
2.30000000000000
2.30000000000000
2.30000000000000
2.30000000000000
2.30000000000000
2.30000000000000
2.30000000000000
2.30000000000000
2.30000000000000
2.30000000000000
2.30000000000000
2.30000000000000
2.30000000000000
2.30000000000000
2.30000000000000
2.30000000000000
2.30000000000000
2.30000000000000
2.30000000000000
2.30000000000000
2.30000000000000
2.30000000000000
2.30000000000000
2.30000000000000
2.30000000000000
2.30000000000000
2.30000000000000
2.30000000000000
2.30000000000000
2.30000000000000
2.30000000000000
2.30000000000000
2.30000000000000
2.30000000000000
2.30000000000000
2.30000000000000
2.30000000000000
2.30000000000000
2.30000000000000
2.30000000000000
2.30000000000000
2.30000000000000
2.30000000000000
2.30000000000000
2.30000000000000
2.30000000000000
2.30000000000000
2.30000000000000
2.30000000000000
2.30000000000000
2.30000000000000
2.30000000000000
2.30000000000000
2.30000000000000
2.30000000000000
2.30000000000000
2.30000000000000
2.30000000000000
2.30000000000000
2.30000000000000
2.30000000000000
2.30000000000000
2.30000000000000
2.30000000000000
2.30000000000000
2.30000000000000
2.30000000000000
2.30000000000000
2.30000000000000
2.30000000000000
2.30000000000000
2.30000000000000
2.30000000000000
2.30000000000000
2.30000000000000
2.30000000000000
2.30000000000000
2.30000000000000
2.30000000000000
2.30000000000000
2.30000000000000
2.30100000000000
2.30100000000000
2.30200000000000
2.30300000000000
2.30500000000000
2.30600000000000
2.30800000000000
2.31000000000000
2.31200000000000
2.31500000000000
2.31700000000000
2.32000000000000
2.32300000000000
2.32700000000000
2.33000000000000
2.33400000000000
2.33800000000000
2.34200000000000
2.34600000000000
2.35000000000000
2.35400000000000
2.35900000000000
2.36400000000000
2.36900000000000
2.37400000000000
2.37900000000000
2.38400000000000
2.38900000000000
2.39500000000000
2.40000000000000
2.40600000000000
2.41200000000000
2.41800000000000
2.42300000000000
2.43000000000000
2.43600000000000
2.44200000000000
2.44800000000000
2.45400000000000
2.46100000000000
2.46700000000000
2.47300000000000
2.48000000000000
2.48600000000000
2.49300000000000
2.49900000000000
2.50600000000000
2.51200000000000
2.51900000000000
2.52500000000000
2.53200000000000
2.53800000000000
2.54500000000000
2.55100000000000
2.55800000000000
2.56400000000000
2.57000000000000
2.57700000000000
2.58300000000000
2.58900000000000
2.59500000000000
2.60100000000000
2.60700000000000
2.61300000000000
2.61900000000000
2.62500000000000
2.63100000000000
2.63600000000000
2.64200000000000
2.64700000000000
2.65200000000000
2.65700000000000
2.66200000000000
2.66700000000000
2.67200000000000
2.67700000000000
2.68100000000000
2.68500000000000
2.68900000000000
2.69300000000000
2.69700000000000
2.70100000000000
2.70400000000000
2.70700000000000
2.71100000000000
2.71300000000000
2.71600000000000
2.71900000000000
2.72100000000000
2.72300000000000
2.72500000000000
2.72600000000000
2.72800000000000
2.72900000000000
2.73000000000000
2.73000000000000
2.73100000000000
2.73100000000000
2.72100000000000
2.73600000000000
2.72800000000000
2.71900000000000
2.71200000000000
2.69800000000000
2.70200000000000
2.69100000000000
2.68800000000000
2.68600000000000
2.68200000000000
2.67600000000000
2.67500000000000
2.67700000000000
2.67000000000000
2.67100000000000
2.66800000000000
2.67000000000000
2.67400000000000
2.67400000000000
2.68300000000000
2.67400000000000
2.67500000000000
2.68200000000000
2.68300000000000
2.66500000000000
2.66100000000000
2.66800000000000
2.67000000000000
2.67400000000000
2.66400000000000
2.66100000000000
2.66500000000000
2.66800000000000
2.68100000000000
2.68600000000000
2.68400000000000
2.69700000000000
2.71200000000000
2.72000000000000
2.71700000000000
2.72600000000000
2.74400000000000
2.74300000000000
2.75100000000000
2.76300000000000
2.77800000000000
2.79300000000000
2.81800000000000
2.83500000000000
2.86500000000000
2.87900000000000
2.89900000000000
2.91800000000000
2.93600000000000
2.95300000000000
2.96600000000000
2.97700000000000
2.98100000000000
2.94200000000000
2.88700000000000
2.86400000000000
2.87700000000000
2.88600000000000
2.88800000000000
2.89100000000000
2.89900000000000
2.88700000000000
2.88400000000000
2.90000000000000
2.92900000000000
2.96900000000000
3.01400000000000
3.05300000000000
3.07500000000000
3.11100000000000
3.12800000000000
3.13000000000000
3.10300000000000
3.05100000000000
2.97900000000000
2.94100000000000
2.92000000000000
2.93100000000000
2.95000000000000
2.97800000000000
3.02500000000000
3.04800000000000
3.06600000000000
3.08700000000000
3.09900000000000
3.09000000000000
3.08800000000000
3.08100000000000
3.08500000000000
3.07100000000000
3.06500000000000
3.06900000000000
3.06700000000000
3.08500000000000
3.09400000000000
3.11000000000000
3.13600000000000
3.14900000000000
3.15800000000000
3.19100000000000
3.23000000000000
3.26500000000000
3.29800000000000
3.35600000000000
3.41900000000000
3.47600000000000
3.53400000000000
3.58400000000000
3.63200000000000
3.70800000000000
3.77500000000000
3.84700000000000
3.93100000000000
3.98700000000000
4.07100000000000
4.15600000000000
4.24200000000000
4.32000000000000
4.39500000000000
4.48000000000000
4.56100000000000
4.63800000000000
4.70800000000000
4.78200000000000
4.84600000000000
4.90600000000000
4.97400000000000
5.02600000000000
5.07100000000000
5.13100000000000
5.17900000000000
5.22000000000000
5.27100000000000
5.32200000000000
5.35800000000000
5.40300000000000
5.44100000000000
5.46000000000000
5.48100000000000
5.50000000000000
5.52300000000000
5.54800000000000
5.56000000000000
5.57500000000000
5.58200000000000
5.59700000000000
5.61100000000000
5.63900000000000
5.65300000000000
5.67500000000000
5.68200000000000
5.68500000000000
5.68000000000000
5.68900000000000
5.71100000000000
5.72300000000000
5.71500000000000
5.71600000000000
5.73200000000000
5.74100000000000
5.74300000000000
5.75200000000000
5.74500000000000
5.74400000000000
5.75700000000000
5.76600000000000
5.78000000000000
5.78700000000000
5.79800000000000
5.81000000000000
5.80800000000000
5.81500000000000
5.82500000000000
5.82400000000000
5.82700000000000
5.85400000000000
5.87800000000000
5.90000000000000
5.90800000000000
5.92200000000000
5.94000000000000
5.96200000000000
5.96300000000000
5.96600000000000
5.98200000000000
5.99000000000000
5.99400000000000
6.01600000000000
6.01400000000000
6.02500000000000
6.00800000000000
6.02200000000000
6.02100000000000
6.02700000000000
6.02700000000000
6.03500000000000
6.02500000000000
6.00900000000000
5.98900000000000
5.98700000000000
5.98400000000000
5.97100000000000
5.97100000000000
5.97300000000000
5.95100000000000
5.95200000000000
5.93900000000000
5.93300000000000
5.93100000000000
5.92500000000000
5.90900000000000
5.89700000000000
5.88400000000000
5.88100000000000
5.87600000000000
5.85600000000000
5.84300000000000
5.83000000000000
5.81800000000000
5.80700000000000
5.79900000000000
5.79200000000000
5.77600000000000
5.78300000000000
5.77600000000000
5.76700000000000
5.76200000000000
5.76900000000000
5.75600000000000
5.76200000000000
5.73700000000000
5.74000000000000
5.75700000000000
5.75600000000000
5.75100000000000
5.75400000000000
5.75100000000000
5.75000000000000
5.74400000000000
5.74400000000000
5.75400000000000
5.74400000000000
5.73500000000000
5.74000000000000
5.73200000000000
5.72800000000000
5.73100000000000
5.72400000000000
5.72400000000000
5.71500000000000
5.69700000000000
5.69300000000000
5.70300000000000
5.70000000000000
5.71300000000000
5.72800000000000
5.73100000000000
5.73500000000000
5.74300000000000
5.75400000000000
5.75300000000000
5.74400000000000
5.74600000000000
5.74600000000000
5.74600000000000
5.75000000000000
5.74900000000000
5.74300000000000
5.74000000000000
5.74700000000000
5.73900000000000
5.75500000000000
5.74900000000000
5.75300000000000
5.74500000000000
5.73200000000000
5.73500000000000
5.72400000000000
5.72500000000000
5.71200000000000
5.70200000000000
5.70000000000000
5.69900000000000
5.68600000000000
5.68500000000000
5.67200000000000
5.65900000000000
5.62700000000000
5.61300000000000
5.59000000000000
5.59100000000000
5.56300000000000
5.55200000000000
5.52500000000000
5.51700000000000
5.50600000000000
5.49400000000000
5.45900000000000
5.45000000000000
5.43800000000000
5.42800000000000
5.40700000000000
5.39100000000000
5.38200000000000
5.37600000000000
5.35800000000000
5.34700000000000
5.33300000000000
5.31900000000000
5.30100000000000
5.29200000000000
5.28400000000000
5.27400000000000
5.25800000000000
5.25300000000000
5.24900000000000
5.23300000000000
5.22200000000000
5.21100000000000
5.20400000000000
5.21000000000000
5.20000000000000
5.19300000000000
5.18600000000000
5.17700000000000
5.17500000000000
5.17800000000000
5.17300000000000
5.15200000000000
5.13500000000000
5.13900000000000
5.12800000000000
5.12100000000000
5.11400000000000
5.12600000000000
5.10700000000000
5.10400000000000
5.10000000000000
5.10900000000000
5.11400000000000
5.11200000000000
5.12800000000000
5.13600000000000
5.13100000000000
5.15200000000000
5.17500000000000
5.19300000000000
5.20000000000000
5.24400000000000
5.25700000000000
5.27300000000000
5.28900000000000
5.33500000000000
5.36600000000000
5.38900000000000
5.42700000000000
5.45300000000000
5.49000000000000
5.52200000000000
5.56200000000000
5.60500000000000
5.65200000000000
5.69800000000000
5.74400000000000
5.74300000000000
5.64200000000000
5.68900000000000
5.72200000000000
5.75500000000000
5.79800000000000
5.84700000000000
5.87500000000000
5.91800000000000
5.97100000000000
6.02200000000000
6.06100000000000
6.11600000000000
6.17300000000000
6.21400000000000
6.26600000000000
6.31900000000000
6.38100000000000
6.42600000000000
6.48600000000000
6.54100000000000
6.57900000000000
6.61600000000000
6.66600000000000
6.72800000000000
6.77100000000000
6.80700000000000
6.85800000000000
6.90700000000000
6.95900000000000
7.00600000000000
7.05200000000000
7.09300000000000
7.13600000000000
7.16400000000000
7.19900000000000
7.23200000000000
7.26600000000000
7.31500000000000
7.34000000000000
7.36100000000000
7.39900000000000
7.44000000000000
7.47300000000000
7.50500000000000
7.52500000000000
7.55700000000000
7.57900000000000
7.60400000000000
7.63300000000000
7.65300000000000
7.67400000000000
7.69100000000000
7.69900000000000
7.70800000000000
7.72100000000000
7.73000000000000
7.72900000000000
7.71200000000000
7.70200000000000
7.69500000000000
7.67000000000000
7.64400000000000
7.61800000000000
7.58500000000000
7.55500000000000
7.51700000000000
7.47900000000000
7.45100000000000
7.43500000000000
7.40800000000000
7.37900000000000
7.36300000000000
7.34700000000000
7.33200000000000
7.33200000000000
7.33200000000000
7.30400000000000
7.29500000000000
7.29600000000000
7.29100000000000
7.29200000000000
7.29200000000000
7.28100000000000
7.28300000000000
7.26400000000000
7.25000000000000
7.24000000000000
7.22800000000000
7.21000000000000
7.18600000000000
7.16400000000000
7.14300000000000
7.11400000000000
7.10100000000000
7.06900000000000
7.03800000000000
7.00300000000000
6.97400000000000
6.92800000000000
6.88900000000000
6.83900000000000
6.79300000000000
6.76400000000000
6.72900000000000
6.69400000000000
6.66100000000000
6.61300000000000
6.57200000000000
6.54600000000000
6.52200000000000
6.50700000000000
6.48200000000000
6.48400000000000
6.47900000000000
6.49400000000000
6.49600000000000
6.49100000000000
6.46100000000000
6.44000000000000
6.43000000000000
6.41300000000000
6.42100000000000
6.39900000000000
6.37900000000000
6.36500000000000
6.37200000000000
6.34600000000000
6.32100000000000
6.31000000000000
6.31400000000000
6.28200000000000
6.27700000000000
6.27000000000000
6.25800000000000
6.24200000000000
6.23400000000000
6.22100000000000
6.23100000000000
6.22100000000000
6.20500000000000
6.19200000000000
6.19200000000000
6.17900000000000
6.15900000000000
6.14300000000000
6.14300000000000
6.12000000000000
6.09800000000000
6.08700000000000
6.06300000000000
6.05600000000000
6.05300000000000
6.04000000000000
6.04400000000000
6.00700000000000
5.99600000000000
5.99400000000000
5.99700000000000
5.97500000000000
5.95400000000000
5.94600000000000
5.92700000000000
5.91400000000000
5.89000000000000
5.87300000000000
5.83200000000000
5.79400000000000
5.76800000000000
5.72800000000000
5.68100000000000
5.68000000000000
5.65500000000000
5.64800000000000
5.62000000000000
5.59400000000000
5.56700000000000
5.55700000000000
5.55200000000000
5.55300000000000
5.53900000000000
5.52300000000000
5.50700000000000
5.50500000000000
5.48700000000000
5.47400000000000
5.46200000000000
5.45000000000000
5.44800000000000
5.44100000000000
5.44000000000000
5.44200000000000
5.44900000000000
5.46600000000000
5.46100000000000
5.45200000000000
5.44500000000000
5.41200000000000
5.37900000000000
5.28000000000000
5.22800000000000
5.19900000000000
5.17100000000000
5.13900000000000
5.12400000000000
5.11200000000000
5.12900000000000
5.14400000000000
5.17300000000000
5.17600000000000
5.18500000000000
5.18300000000000
5.20000000000000
5.20200000000000
5.20400000000000
5.22400000000000
5.24400000000000
5.29700000000000
5.31800000000000
5.37500000000000
5.44100000000000
5.49100000000000
5.56100000000000
5.62900000000000
5.68700000000000
5.75700000000000
5.83000000000000
5.91100000000000
5.99800000000000
6.09000000000000
6.19300000000000
6.33000000000000
6.44900000000000
6.58100000000000
6.71000000000000
6.83800000000000
6.97000000000000
7.10700000000000
7.23800000000000
7.38800000000000
7.50600000000000
7.63500000000000
7.76700000000000
7.87400000000000
7.97700000000000
8.07100000000000
8.15000000000000
8.22000000000000
8.29200000000000
8.35000000000000
8.44900000000000
8.52100000000000
8.58300000000000
8.66600000000000
8.72300000000000
8.75900000000000
8.82100000000000
8.86400000000000
8.90900000000000
8.94100000000000
8.94900000000000
8.95500000000000
8.98300000000000
9.02200000000000
9.04300000000000
9.04400000000000
9.02800000000000
9.03400000000000
9.05200000000000
9.04800000000000
9.04100000000000
9.03700000000000
9.03600000000000
9.03500000000000
9.02100000000000
9.01600000000000
9.00800000000000
8.97000000000000
8.97400000000000
8.95300000000000
8.95700000000000
8.93700000000000
8.92300000000000
8.91200000000000
8.89500000000000
8.89100000000000
8.88000000000000
8.86700000000000
8.85500000000000
8.85200000000000
8.86100000000000
8.86400000000000
8.87600000000000
8.86900000000000
8.87200000000000
8.85500000000000
8.82800000000000
8.83900000000000
8.85500000000000
8.85600000000000
8.83300000000000
8.84200000000000
8.84300000000000
8.83000000000000
8.80800000000000
8.81800000000000
8.80700000000000
8.79700000000000
8.79400000000000
8.79100000000000
8.79500000000000
8.77100000000000
8.75400000000000
8.75900000000000
8.76000000000000
8.74600000000000
8.76200000000000
8.77800000000000
8.79000000000000
8.79500000000000
8.81100000000000
8.84800000000000
8.87400000000000
8.88500000000000
8.91300000000000
8.94400000000000
8.98000000000000
8.98800000000000
9.00100000000000
9.03400000000000
9.07600000000000
9.11100000000000
9.14100000000000
9.17100000000000
9.21400000000000
9.25500000000000
9.30300000000000
9.35600000000000
9.40600000000000
9.44800000000000
9.51600000000000
9.57800000000000
9.63800000000000
9.69200000000000
9.76300000000000
9.84500000000000
9.95300000000000
10.0400000000000
10.1400000000000
10.2700000000000
10.3900000000000
10.5200000000000
10.6300000000000
10.7700000000000
10.9100000000000
11.0300000000000
11.1900000000000
11.3500000000000
11.5000000000000
11.6500000000000
11.8100000000000
12.0100000000000
12.1700000000000
12.3400000000000
12.5100000000000
12.6900000000000
12.8700000000000
13.0700000000000
13.2500000000000
13.4600000000000
13.6400000000000
13.8400000000000
14.0300000000000
14.2300000000000
14.4100000000000
14.6100000000000
14.8100000000000
14.9900000000000
15.1700000000000
15.3400000000000
15.5400000000000
15.7100000000000
15.9100000000000
16.0700000000000
16.2200000000000
16.3700000000000
16.5300000000000
16.6700000000000
16.7800000000000
16.9000000000000
16.9800000000000
17.0800000000000
17.1800000000000
17.2500000000000
17.3400000000000
17.3900000000000
17.4800000000000
17.5500000000000
17.6100000000000
17.6700000000000
17.7100000000000
17.7700000000000
17.8300000000000
17.8700000000000
17.9400000000000
17.9500000000000
17.9900000000000
18.0500000000000
18.0900000000000
18.1300000000000
18.2000000000000
18.2700000000000
18.3000000000000
18.3500000000000
18.4100000000000
18.4600000000000
18.5200000000000
18.5600000000000
18.6100000000000
18.6600000000000
18.7100000000000
18.7600000000000
18.8100000000000
18.8500000000000
18.9000000000000
18.9600000000000
19.0300000000000
19.0700000000000
19.1100000000000
19.1600000000000
19.2100000000000
19.2700000000000
19.2900000000000
19.3200000000000
19.3500000000000
19.3600000000000
19.4000000000000
19.4300000000000
19.4700000000000
19.5100000000000
19.5300000000000
19.5600000000000
19.6000000000000
19.6100000000000
19.6200000000000
19.6600000000000
19.6600000000000
19.6900000000000
19.7000000000000
19.7200000000000
19.7400000000000
19.7400000000000
19.7600000000000
19.7800000000000
19.7900000000000
19.8200000000000
19.8200000000000
19.8300000000000
19.8600000000000
19.8800000000000
19.8900000000000
19.8900000000000
19.9300000000000
19.9300000000000
19.9700000000000
20.0100000000000
20.0100000000000
20.0400000000000
20.0700000000000
20.1100000000000
20.1300000000000
20.1500000000000
20.1700000000000
20.1900000000000
20.2200000000000
20.2300000000000
20.2300000000000
20.2600000000000
20.2700000000000
20.2900000000000
20.2800000000000
20.2700000000000
20.2900000000000
20.2900000000000
20.3100000000000
20.2900000000000
20.2600000000000
20.3000000000000
20.3000000000000
20.3000000000000
20.3000000000000
20.3100000000000
20.2900000000000
20.2900000000000
20.2600000000000
20.2500000000000
20.2300000000000
20.2000000000000
20.1600000000000
20.1500000000000
20.1200000000000
20.0900000000000
20.0700000000000
20.0300000000000
19.9800000000000
19.9500000000000
19.9100000000000
19.8600000000000
19.8000000000000
19.7500000000000
19.6900000000000
19.6400000000000
19.5900000000000
19.5300000000000
19.4700000000000
19.4100000000000
19.3600000000000
19.3100000000000
19.2200000000000
19.1800000000000
19.1200000000000
19.0500000000000
18.9900000000000
18.9000000000000
18.8500000000000
18.8100000000000
18.7400000000000
18.6700000000000
18.6100000000000
18.5800000000000
18.5200000000000
18.4600000000000
18.4000000000000
18.3400000000000
18.2900000000000
18.2400000000000
18.1800000000000
18.1300000000000
18.0700000000000
18.0300000000000
17.9800000000000
17.9200000000000
17.8700000000000
17.8200000000000
17.8000000000000
17.7500000000000
17.7300000000000
17.6800000000000
17.6800000000000
17.6600000000000
17.6300000000000
17.6200000000000
17.6300000000000
17.6400000000000
17.6400000000000
17.6600000000000
17.7000000000000
17.7400000000000
17.7900000000000
17.8600000000000
17.9500000000000
18.0300000000000
18.1400000000000
18.2500000000000
18.3600000000000
18.5100000000000
18.6600000000000
18.8100000000000
18.9500000000000
19.1300000000000
19.3100000000000
19.5100000000000
19.7200000000000
19.9400000000000
20.1700000000000
20.4000000000000
20.6500000000000
20.8900000000000
21.1400000000000
21.4000000000000
21.6300000000000
21.8600000000000
22.1000000000000
22.3600000000000
22.6200000000000
22.9000000000000
23.1300000000000
23.3900000000000
23.6100000000000
23.8600000000000
24.1000000000000
24.3400000000000
24.5500000000000
24.7900000000000
24.9900000000000
25.2100000000000
25.4100000000000
25.6200000000000
25.8300000000000
26.0500000000000
26.2600000000000
26.4300000000000
26.5700000000000
26.7400000000000
26.8800000000000
27.0100000000000
27.1800000000000
27.3200000000000
27.4200000000000
27.5400000000000
27.6300000000000
27.7700000000000
27.9400000000000
28.0400000000000
28.2100000000000
28.3600000000000
28.5000000000000
28.6300000000000
28.7800000000000
28.9600000000000
29.1300000000000
29.2200000000000
29.3700000000000
29.4700000000000
29.6000000000000
29.7000000000000
29.8200000000000
29.9700000000000
30.0600000000000
30.1800000000000
30.2800000000000
30.4000000000000
30.5300000000000
30.6000000000000
30.6600000000000
30.7000000000000
30.7600000000000
30.7800000000000
30.7500000000000
30.7400000000000
30.7200000000000
30.6500000000000
30.5800000000000
30.5100000000000
30.4500000000000
30.3400000000000
30.2900000000000
30.2300000000000
30.1500000000000
30.0400000000000
30
29.9800000000000
29.9100000000000
29.8600000000000
29.8400000000000
29.8100000000000
29.7600000000000
29.7300000000000
29.7600000000000
29.7700000000000
29.7900000000000
29.8100000000000
29.8500000000000
29.8900000000000
29.9900000000000
30
30.0500000000000
30.0700000000000
30.1100000000000
30.1700000000000
30.2200000000000
30.2300000000000
30.2900000000000
30.2800000000000
30.2900000000000
30.2700000000000
30.2700000000000
30.2400000000000
30.1900000000000
30.1000000000000
30.1000000000000
30.0300000000000
29.9300000000000
29.8300000000000
29.8400000000000
29.7500000000000
29.6600000000000
29.5800000000000
29.4800000000000
29.3000000000000
29.2600000000000
29.2000000000000
29.1300000000000
29.0200000000000
28.9000000000000
28.8200000000000
28.7200000000000
28.7300000000000
28.7000000000000
28.6500000000000
28.5800000000000
28.5400000000000
28.5000000000000
28.4600000000000
28.3800000000000
28.3400000000000
28.2300000000000
28.2000000000000
28.1700000000000
28.0900000000000
28.0300000000000
28.0300000000000
28.0100000000000
27.9400000000000
27.9100000000000
27.9000000000000
27.8400000000000
27.7900000000000
27.8100000000000
27.8200000000000
27.8100000000000
27.8100000000000
27.8300000000000
27.8500000000000
27.8500000000000
27.8200000000000
27.8200000000000
27.7900000000000
27.7900000000000
27.7800000000000
27.8300000000000
27.8400000000000
27.8800000000000
27.9100000000000
27.9900000000000
28.0400000000000
28.1200000000000
28.1100000000000
28.1900000000000
28.1900000000000
28.1700000000000
28.1700000000000
28.3100000000000
28.3700000000000
28.4800000000000
28.5300000000000
28.5900000000000
28.7000000000000
28.7400000000000
28.8700000000000
28.9800000000000
29.1000000000000
29.2300000000000
29.3400000000000
29.4400000000000
29.5900000000000
29.7300000000000
29.8700000000000
30.0200000000000
30.1600000000000
30.3500000000000
30.4300000000000
30.6400000000000
30.8400000000000
30.9800000000000
31.2200000000000
31.3200000000000
31.5100000000000
31.6400000000000
31.8400000000000
32.0400000000000
32.2100000000000
32.3300000000000
32.5500000000000
32.8200000000000
33.1500000000000
33.3900000000000
33.6000000000000
33.8400000000000
34.1000000000000
34.2600000000000
34.5200000000000
34.7200000000000
34.9700000000000
35.1900000000000
35.3900000000000
35.6100000000000
35.7800000000000
36.0400000000000
36.1800000000000
36.3600000000000
36.6000000000000
36.7400000000000
36.8200000000000
36.9900000000000
37.1100000000000
37.3500000000000
37.5800000000000
37.9200000000000
37.9600000000000
38.1200000000000
38.2100000000000
38.3300000000000
38.5600000000000
38.7400000000000
38.7700000000000
38.8400000000000
38.8300000000000
38.7900000000000
38.8600000000000
39
39
39.0600000000000
39.0500000000000
39.1600000000000
39.2800000000000
39.4800000000000
39.4300000000000
39.5100000000000
39.6400000000000
39.5300000000000
39.6000000000000
39.5800000000000
39.5400000000000
39.4000000000000
39.3600000000000
39.1700000000000
39.2600000000000
38.9300000000000
39.2100000000000
38.7100000000000