5.80000000000000e-05
5.85200000000000e-05
5.90000000000000e-05
5.98900000000000e-05
6.10000000000000e-05
6.20300000000000e-05
6.30000000000000e-05
6.39900000000000e-05
6.50000000000000e-05
6.60300000000000e-05
6.70000000000000e-05
6.79000000000000e-05
6.90000000000000e-05
7.05000000000000e-05
7.20000000000000e-05
7.31200000000000e-05
7.40000000000000e-05
7.49000000000000e-05
7.60000000000000e-05
7.74000000000000e-05
7.90000000000000e-05
8.06300000000000e-05
8.20000000000000e-05
8.29700000000000e-05
8.40000000000000e-05
8.55100000000000e-05
8.70000000000000e-05
8.80000000000000e-05
8.90000000000000e-05
9.05000000000000e-05
9.20000000000000e-05
9.30000000000000e-05
9.40000000000000e-05
9.55000000000000e-05
9.70000000000000e-05
9.80100000000000e-05
9.90000000000000e-05
0.000100500000000000
0.000102000000000000
0.000103100000000000
0.000104000000000000
0.000105000000000000
0.000106000000000000
0.000107000000000000
0.000108000000000000
0.000109000000000000
0.000110000000000000
0.000111000000000000
0.000112000000000000
0.000113000000000000
0.000114000000000000
0.000115000000000000
0.000116000000000000
0.000117000000000000
0.000118000000000000
0.000119000000000000
0.000120000000000000
0.000121000000000000
0.000122000000000000
0.000123000000000000
0.000124000000000000
0.000125000000000000
0.000126000000000000
0.000127000000000000
0.000128000000000000
0.000128900000000000
0.000130000000000000
0.000131500000000000
0.000133000000000000
0.000134000000000000
0.000135000000000000
0.000136400000000000
0.000138000000000000
0.000139600000000000
0.000141000000000000
0.000142400000000000
0.000144000000000000
0.000145900000000000
0.000148000000000000
0.000149900000000000
0.000152000000000000
0.000154400000000000
0.000157000000000000
0.000159600000000000
0.000162000000000000
0.000164300000000000
0.000167000000000000
0.000170400000000000
0.000174000000000000
0.000177500000000000
0.000181000000000000
0.000184900000000000
0.000189000000000000
0.000193400000000000
0.000198000000000000
0.000203100000000000
0.000209000000000000
0.000215800000000000
0.000223000000000000
0.000230300000000000
0.000238000000000000
0.000246300000000000
0.000255000000000000
0.000264000000000000
0.000273000000000000
0.000281900000000000
0.000291000000000000
0.000300400000000000
0.000310000000000000
0.000319400000000000
0.000329000000000000
0.000339000000000000
0.000349000000000000
0.000358800000000000
0.000368000000000000
0.000376700000000000
0.000386000000000000
0.000396200000000000
0.000404000000000000
0.000406900000000000
0.000409000000000000
0.000413800000000000
0.000416000000000000
0.000411200000000000
0.000409000000000000
0.000417600000000000
0.000427000000000000
0.000426800000000000
0.000423000000000000
0.000423700000000000
0.000429000000000000
0.000437100000000000
0.000445000000000000
0.000450600000000000
0.000456000000000000
0.000463100000000000
0.000470000000000000
0.000474800000000000
0.000480000000000000
0.000487900000000000
0.000495000000000000
0.000498300000000000
0.000503000000000000
0.000514100000000000
0.000527000000000000
0.000536300000000000
0.000544000000000000
0.000553200000000000
0.000564000000000000
0.000575900000000000
0.000588000000000000
0.000599800000000000
0.000611000000000000
0.000621500000000000
0.000631000000000000
0.000639100000000000
0.000646000000000000
0.000652000000000000
0.000658000000000000
0.000664700000000000
0.000672000000000000
0.000679300000000000
0.000686000000000000
0.000692000000000000
0.000699000000000000
0.000708400000000000
0.000718000000000000
0.000725700000000000
0.000734000000000000
0.000745500000000000
0.000759000000000000
0.000772900000000000
0.000787000000000000
0.000802000000000000
0.000819000000000000
0.000838600000000000
0.000858000000000000
0.000875400000000000
0.000896000000000000
0.000923800000000000
0.000952000000000000
0.000974500000000000
0.00100000000000000
0.00103700000000000
0.00107900000000000
0.00111900000000000
0.00115900000000000
0.00120400000000000
0.00125300000000000
0.00130400000000000
0.00135600000000000
0.00140800000000000
0.00145900000000000
0.00151000000000000
0.00156700000000000
0.00163500000000000
0.00170000000000000
0.00175800000000000
0.00186000000000000
0.00204200000000000
0.00222400000000000
0.00232300000000000
0.00236600000000000
0.00240000000000000
0.00244800000000000
0.00251900000000000
0.00258700000000000
0.00262900000000000
0.00265300000000000
0.00267400000000000
0.00269100000000000
0.00270400000000000
0.00271500000000000
0.00272700000000000
0.00274000000000000
0.00275300000000000
0.00276400000000000
0.00277500000000000
0.00278500000000000
0.00279700000000000
0.00281000000000000
0.00282400000000000
0.00283900000000000
0.00285400000000000
0.00286800000000000
0.00288100000000000
0.00289300000000000
0.00290700000000000
0.00292200000000000
0.00293800000000000
0.00295500000000000
0.00297200000000000
0.00298800000000000
0.00300000000000000
0.00301100000000000
0.00302300000000000
0.00303800000000000
0.00305700000000000
0.00307600000000000
0.00309400000000000
0.00311100000000000
0.00312700000000000
0.00314400000000000
0.00316200000000000
0.00318100000000000
0.00320200000000000
0.00322300000000000
0.00324200000000000
0.00326300000000000
0.00328900000000000
0.00331500000000000
0.00333800000000000
0.00336200000000000
0.00339000000000000
0.00342300000000000
0.00346100000000000
0.00350800000000000
0.00356700000000000
0.00363600000000000
0.00371200000000000
0.00379100000000000
0.00386600000000000
0.00393100000000000
0.00398100000000000
0.00401900000000000
0.00404900000000000
0.00407200000000000
0.00408700000000000
0.00409800000000000
0.00410900000000000
0.00412200000000000
0.00413700000000000
0.00415000000000000
0.00416000000000000
0.00417300000000000
0.00419600000000000
0.00422300000000000
0.00424800000000000
0.00427000000000000
0.00429300000000000
0.00431800000000000
0.00434700000000000
0.00438100000000000
0.00441800000000000
0.00445800000000000
0.00450000000000000
0.00454500000000000
0.00459400000000000
0.00464600000000000
0.00470100000000000
0.00476000000000000
0.00482700000000000
0.00490300000000000
0.00498600000000000
0.00507100000000000
0.00515400000000000
0.00524400000000000
0.00535100000000000
0.00547000000000000
0.00559400000000000
0.00572200000000000
0.00585500000000000
0.00599500000000000
0.00614600000000000
0.00630300000000000
0.00646300000000000
0.00662800000000000
0.00680400000000000
0.00699300000000000
0.00719700000000000
0.00741500000000000
0.00764700000000000
0.00789300000000000
0.00815700000000000
0.00844500000000000
0.00876300000000000
0.00910900000000000
0.00947900000000000
0.00987100000000000
0.0102900000000000
0.0107200000000000
0.0111900000000000
0.0116800000000000
0.0121800000000000
0.0126800000000000
0.0131900000000000
0.0137200000000000
0.0142800000000000
0.0148700000000000
0.0155100000000000
0.0162100000000000
0.0169900000000000
0.0178700000000000
0.0188600000000000
0.0199200000000000
0.0210100000000000
0.0220700000000000
0.0230600000000000
0.0239400000000000
0.0246900000000000
0.0253200000000000
0.0258300000000000
0.0262300000000000
0.0265200000000000
0.0267200000000000
0.0268900000000000
0.0270200000000000
0.0271300000000000
0.0272200000000000
0.0272800000000000
0.0273300000000000
0.0273800000000000
0.0274100000000000
0.0274500000000000
0.0274800000000000
0.0275100000000000
0.0275400000000000
0.0275800000000000
0.0276300000000000
0.0276700000000000
0.0277100000000000
0.0277300000000000
0.0277300000000000
0.0277400000000000
0.0277400000000000
0.0277300000000000
0.0277000000000000
0.0276600000000000
0.0276100000000000
0.0275700000000000
0.0275400000000000
0.0275200000000000
0.0274800000000000
0.0274100000000000
0.0273100000000000
0.0272000000000000
0.0271000000000000
0.0270100000000000
0.0269000000000000
0.0267500000000000
0.0265900000000000
0.0264500000000000
0.0263300000000000
0.0262400000000000
0.0261300000000000
0.0259300000000000
0.0255800000000000
0.0252300000000000
0.0251300000000000
0.0250100000000000
0.0246600000000000
0.0244700000000000
0.0241200000000000
0.0238900000000000
0.0237400000000000
0.0235500000000000
0.0233700000000000
0.0231800000000000
0.0230400000000000
0.0228100000000000
0.0224600000000000
0.0224300000000000
0.0223800000000000
0.0222200000000000
0.0220400000000000
0.0220100000000000
0.0220400000000000
0.0219600000000000
0.0217700000000000
0.0219000000000000
0.0218800000000000
0.0218800000000000
0.0219800000000000
0.0221000000000000
0.0222300000000000
0.0223300000000000
0.0224800000000000
0.0227600000000000
0.0230400000000000
0.0231100000000000
0.0232900000000000
0.0238800000000000
0.0244600000000000
0.0247500000000000
0.0251600000000000
0.0262000000000000
0.0276900000000000
0.0283000000000000
0.0291400000000000
0.0310800000000000
0.0321400000000000
0.0329700000000000
0.0345900000000000
0.0360600000000000
0.0366200000000000
0.0370200000000000
0.0378800000000000
0.0382900000000000
0.0385400000000000
0.0390900000000000
0.0394900000000000
0.0397200000000000
0.0400000000000000
0.0404000000000000
0.0405700000000000
0.0407500000000000
0.0411500000000000
0.0412700000000000
0.0414900000000000
0.0420400000000000
0.0419900000000000
0.0422300000000000
0.0425400000000000
0.0427200000000000
0.0428000000000000
0.0430600000000000
0.0436000000000000
0.0436900000000000
0.0437900000000000
0.0443300000000000
0.0445400000000000
0.0446600000000000
0.0450500000000000
0.0452700000000000
0.0455200000000000
0.0460500000000000
0.0465800000000000
0.0469100000000000
0.0470500000000000
0.0471300000000000
0.0475200000000000
0.0483300000000000
0.0486700000000000
0.0489400000000000
0.0496000000000000
0.0500600000000000
0.0505000000000000
0.0511500000000000
0.0515300000000000
0.0520400000000000
0.0529800000000000
0.0534600000000000
0.0538600000000000
0.0546500000000000
0.0552800000000000
0.0556600000000000
0.0559600000000000
0.0565300000000000
0.0574500000000000
0.0578900000000000
0.0583100000000000
0.0592400000000000
0.0598200000000000
0.0600900000000000
0.0603500000000000
0.0609400000000000
0.0618500000000000
0.0622600000000000
0.0626900000000000
0.0636000000000000
0.0640700000000000
0.0645800000000000
0.0656200000000000
0.0663600000000000
0.0667200000000000
0.0669900000000000
0.0676900000000000
0.0690000000000000
0.0698900000000000
0.0703700000000000
0.0708500000000000
0.0718700000000000
0.0735800000000000
0.0748600000000000
0.0756200000000000
0.0763000000000000
0.0779200000000000
0.0808500000000000
0.0829200000000000
0.0841000000000000
0.0852800000000000
0.0880100000000000
0.0926800000000000
0.0958400000000000
0.0981900000000000
0.101200000000000
0.104200000000000
0.106600000000000
0.111300000000000
0.119400000000000
0.124600000000000
0.128100000000000
0.132700000000000
0.137400000000000
0.141000000000000
0.146500000000000
0.155700000000000
0.163500000000000
0.168800000000000
0.173200000000000
0.181800000000000
0.196300000000000
0.205000000000000
0.210600000000000
0.218700000000000
0.228700000000000
0.238600000000000
0.246800000000000
0.254200000000000
0.270100000000000
0.297600000000000
0.315300000000000
0.327400000000000
0.343800000000000
0.362200000000000
0.378500000000000
0.393000000000000
0.406800000000000
0.418400000000000
0.427300000000000
0.438500000000000
0.453800000000000
0.461100000000000
0.463300000000000
0.466300000000000
0.470100000000000
0.473300000000000
0.475600000000000
0.477200000000000
0.478500000000000
0.480000000000000
0.481400000000000
0.482700000000000
0.484300000000000
0.486400000000000
0.487000000000000
0.486700000000000
0.486400000000000
0.485700000000000
0.484100000000000
0.482100000000000
0.480400000000000
0.478600000000000
0.476400000000000
0.473800000000000
0.471000000000000
0.467700000000000
0.464100000000000
0.460400000000000
0.457000000000000
0.453200000000000
0.448200000000000
0.443400000000000
0.439700000000000
0.436200000000000
0.431600000000000
0.426500000000000
0.421500000000000
0.416800000000000
0.412100000000000
0.407200000000000
0.401700000000000
0.396300000000000
0.391500000000000
0.386800000000000
0.381600000000000
0.376000000000000
0.370100000000000
0.364000000000000
0.358100000000000
0.352100000000000
0.346100000000000
0.340200000000000
0.334900000000000
0.329700000000000
0.324300000000000
0.319100000000000
0.314100000000000
0.308600000000000
0.302200000000000
0.295700000000000
0.289700000000000
0.284000000000000
0.278200000000000
0.272400000000000
0.267200000000000
0.262100000000000
0.256600000000000
0.250600000000000
0.244400000000000
0.239100000000000
0.235700000000000
0.233100000000000
0.229900000000000
0.225100000000000
0.219800000000000
0.215100000000000
0.210900000000000
0.206400000000000
0.202000000000000
0.198100000000000
0.194400000000000
0.190400000000000
0.186800000000000
0.184100000000000
0.181800000000000
0.179000000000000
0.175200000000000
0.171500000000000
0.168700000000000
0.166400000000000
0.163900000000000
0.161300000000000
0.158600000000000
0.156200000000000
0.154500000000000
0.153200000000000
0.152200000000000
0.151000000000000
0.149500000000000
0.147500000000000
0.145700000000000
0.144700000000000
0.144200000000000
0.143800000000000
0.143300000000000
0.142600000000000
0.141800000000000
0.141200000000000
0.141000000000000
0.140900000000000
0.140800000000000
0.140600000000000
0.140500000000000
0.140800000000000
0.141400000000000
0.142600000000000
0.143500000000000
0.143800000000000
0.143900000000000
0.144300000000000
0.145600000000000
0.147500000000000
0.149800000000000
0.151900000000000
0.153400000000000
0.154700000000000
0.156100000000000
0.158000000000000
0.160400000000000
0.163200000000000
0.165900000000000
0.167700000000000
0.169300000000000
0.171200000000000
0.173900000000000
0.177700000000000
0.182400000000000
0.186600000000000
0.189000000000000
0.190600000000000
0.192900000000000
0.196700000000000
0.200500000000000
0.203100000000000
0.205100000000000
0.207900000000000
0.212300000000000
0.216600000000000
0.219600000000000
0.221900000000000
0.225100000000000
0.229800000000000
0.233700000000000
0.234600000000000
0.234200000000000
0.235300000000000
0.239700000000000
0.245000000000000
0.249100000000000
0.252800000000000
0.257800000000000
0.265000000000000
0.271900000000000
0.276500000000000
0.281100000000000
0.289100000000000
0.302300000000000
0.316400000000000
0.327100000000000
0.337800000000000
0.353300000000000
0.377000000000000
0.403700000000000
0.428100000000000
0.450200000000000
0.471200000000000
0.493200000000000
0.520200000000000
0.557200000000000
0.605200000000000
0.652000000000000
0.686300000000000
0.715900000000000
0.753500000000000
0.806400000000000
0.859700000000000
0.898100000000000
0.925300000000000
0.949300000000000
0.976900000000000
1.00800000000000
1.04100000000000
1.07300000000000
1.10000000000000
1.11900000000000
1.13100000000000
1.14000000000000
1.15000000000000
1.16000000000000
1.17000000000000
1.18100000000000
1.19000000000000
1.19400000000000
1.19600000000000
1.19700000000000
1.20000000000000
1.20300000000000
1.20500000000000
1.20600000000000
1.20700000000000
1.21300000000000
1.22300000000000
1.23200000000000
1.23400000000000
1.23200000000000
1.22900000000000
1.23000000000000
1.23300000000000
1.23600000000000
1.23900000000000
1.24100000000000
1.24400000000000
1.24800000000000
1.25200000000000
1.25600000000000
1.25800000000000
1.26000000000000
1.26200000000000
1.26500000000000
1.26700000000000
1.27000000000000
1.27200000000000
1.27500000000000
1.27700000000000
1.28000000000000
1.28200000000000
1.28300000000000
1.28300000000000
1.27900000000000
1.27200000000000
1.26600000000000
1.26700000000000
1.27100000000000
1.27300000000000
1.27100000000000
1.26500000000000
1.26000000000000
1.25800000000000
1.25800000000000
1.25700000000000
1.25200000000000
1.24700000000000
1.24300000000000
1.24300000000000
1.24300000000000
1.24000000000000
1.23300000000000
1.22400000000000
1.21600000000000
1.21400000000000
1.21400000000000
1.21300000000000
1.21000000000000
1.20500000000000
1.20000000000000
1.19900000000000
1.19800000000000
1.19700000000000
1.19400000000000
1.18900000000000
1.18400000000000
1.18000000000000
1.17600000000000
1.17100000000000
1.16600000000000
1.16100000000000
1.15800000000000
1.15700000000000
1.15700000000000
1.15500000000000
1.15200000000000
1.14800000000000
1.14200000000000
1.13800000000000
1.13300000000000
1.13000000000000
1.12600000000000
1.12300000000000
1.12000000000000
1.11600000000000
1.11100000000000
1.10700000000000
1.10300000000000
1.10100000000000
1.10100000000000
1.10100000000000
1.10100000000000
1.10000000000000
1.09800000000000
1.09400000000000
1.08900000000000
1.08500000000000
1.08400000000000
1.08300000000000
1.08300000000000
1.08200000000000
1.08100000000000
1.08000000000000
1.07900000000000
1.08000000000000
1.08300000000000
1.08700000000000
1.09300000000000
1.09900000000000
1.10400000000000
1.10700000000000
1.10900000000000
1.11100000000000
1.11500000000000
1.12100000000000
1.12900000000000
1.13700000000000
1.14700000000000
1.15600000000000
1.16400000000000
1.17000000000000
1.17500000000000
1.18100000000000
1.18800000000000
1.19600000000000
1.20600000000000
1.21600000000000
1.22700000000000
1.23900000000000
1.25200000000000
1.26700000000000
1.28300000000000
1.29700000000000
1.31000000000000
1.32300000000000
1.33600000000000
1.35100000000000
1.37000000000000
1.39200000000000
1.41600000000000
1.44000000000000
1.46500000000000
1.48900000000000
1.51100000000000
1.53200000000000
1.55500000000000
1.58000000000000
1.61000000000000
1.64200000000000
1.67200000000000
1.70100000000000
1.72800000000000
1.75800000000000
1.79100000000000
1.83100000000000
1.87200000000000
1.91100000000000
1.94300000000000
1.97400000000000
2.00700000000000
2.04700000000000
2.09800000000000
2.15300000000000
2.20300000000000
2.24300000000000
2.27700000000000
2.31200000000000
2.35700000000000
2.41500000000000
2.47900000000000
2.54000000000000
2.59000000000000
2.63100000000000
2.66600000000000
2.70100000000000
2.73800000000000
2.78000000000000
2.82900000000000
2.88900000000000
2.96000000000000
3.03300000000000
3.09700000000000
3.14600000000000
3.18100000000000
3.22600000000000
3.26700000000000
3.31900000000000
3.36300000000000
3.41200000000000
3.44900000000000
3.50400000000000
3.54400000000000
3.60000000000000
3.64800000000000
3.70100000000000
3.75200000000000
3.80200000000000
3.87100000000000
3.92700000000000
3.98500000000000
4.06400000000000
4.12500000000000
4.21600000000000
4.30200000000000
4.38900000000000
4.50400000000000
4.63000000000000
4.73700000000000
4.90400000000000
5.09200000000000
5.26000000000000
5.47900000000000
5.72000000000000
6.00600000000000
6.24200000000000
6.58000000000000
6.92700000000000
7.31300000000000
7.63300000000000
8.08900000000000
8.54500000000000
9.03000000000000
9.59100000000000
10.0200000000000
10.6300000000000
11.2200000000000
11.8400000000000
12.4500000000000
13.1600000000000
13.6900000000000
14.3400000000000
15.0900000000000
15.7800000000000
16.4600000000000
17.1400000000000
17.8100000000000
18.5400000000000
19.1900000000000
19.8000000000000
20.2900000000000
20.8900000000000
21.4600000000000
22.0200000000000
22.6000000000000
23.1300000000000
23.6000000000000
24.0700000000000
24.5000000000000
24.9300000000000
25.3300000000000
25.7100000000000
26.0600000000000
26.4100000000000
26.7300000000000
27.0100000000000
27.2900000000000
27.5600000000000
27.8200000000000
28.0600000000000
28.3500000000000
28.5600000000000
28.7500000000000
28.9200000000000
29.0800000000000
29.2600000000000
29.4000000000000
29.5600000000000
29.6600000000000
29.8200000000000
29.9300000000000
30.0300000000000
30.1400000000000
30.2300000000000
30.2900000000000
30.3600000000000
30.4200000000000
30.4600000000000
30.4900000000000
30.5200000000000
30.5300000000000
30.5500000000000
30.5600000000000
30.5600000000000
30.5500000000000
30.5400000000000
30.5100000000000
30.4900000000000
30.4500000000000
30.4100000000000
30.3500000000000
30.2900000000000
30.2300000000000
30.1400000000000
30.0600000000000
29.9800000000000
29.8300000000000
29.7100000000000
29.5700000000000
29.3600000000000
29.1700000000000
28.9900000000000
28.7200000000000
28.5100000000000
28.2900000000000
28
27.7700000000000
27.5400000000000
27.2200000000000
26.9900000000000
26.6400000000000
26.3800000000000
26.1100000000000
25.8100000000000
25.5500000000000
25.2200000000000
24.9700000000000
24.6800000000000
24.4300000000000
24.1300000000000
23.8800000000000
23.6400000000000
23.3200000000000
23.0700000000000
22.7400000000000
22.5000000000000
22.1800000000000
21.9300000000000
21.6300000000000
21.3900000000000
21.0700000000000
20.8200000000000
20.5200000000000
20.2500000000000
20.0100000000000
19.7200000000000
19.5100000000000
19.2400000000000
19
18.7400000000000
18.4700000000000
18.2700000000000
18.0200000000000
17.8400000000000
17.5800000000000
17.3400000000000
17.1200000000000
16.8800000000000
16.7100000000000
16.4700000000000
16.2300000000000
16.0600000000000
15.8300000000000
15.6200000000000
15.4500000000000
15.2500000000000
15.0400000000000
14.8900000000000
14.6800000000000
14.4700000000000
14.3200000000000
14.1300000000000
13.9500000000000
13.8100000000000
13.6400000000000
13.4800000000000
13.2900000000000
13.1600000000000
12.9800000000000
12.8200000000000
12.6500000000000
12.5400000000000
12.3800000000000
12.2300000000000
12.0600000000000
11.9300000000000
11.8100000000000
11.6600000000000
11.5200000000000
11.3700000000000
11.2600000000000
11.1400000000000
11
10.8800000000000
10.7500000000000
10.6400000000000
10.5400000000000
10.4400000000000
10.3200000000000
10.2200000000000
10.1100000000000
10.0100000000000
9.91200000000000
9.83900000000000
9.75400000000000
9.66000000000000
9.56300000000000
9.47700000000000
9.38300000000000
9.30500000000000
9.20200000000000
9.13300000000000
9.04700000000000
8.97700000000000
8.89800000000000
8.82000000000000
8.74200000000000
8.66500000000000
8.58800000000000
8.50900000000000
8.44800000000000
8.36400000000000
8.29500000000000
8.23400000000000
8.15700000000000
8.10400000000000
8.03600000000000
7.95900000000000
7.89000000000000
7.83400000000000
7.77300000000000
7.71200000000000
7.65400000000000
7.60900000000000
7.54800000000000
7.49500000000000
7.43200000000000
7.37400000000000
7.31500000000000
7.25200000000000
7.20300000000000
7.16400000000000
7.12400000000000
7.08400000000000
7.04100000000000
6.98700000000000
6.94300000000000
6.91000000000000
6.86500000000000
6.82800000000000
6.77600000000000
6.74200000000000
6.71400000000000
6.69500000000000
6.65400000000000
6.63000000000000
6.59900000000000
6.56700000000000
6.52600000000000
6.50100000000000
6.47400000000000
6.44900000000000
6.42000000000000
6.40100000000000
6.36300000000000
6.34500000000000
6.30900000000000
6.28200000000000
6.25000000000000
6.21400000000000
6.18600000000000
6.16300000000000
6.13000000000000
6.12100000000000
6.09100000000000
6.07600000000000
6.05300000000000
6.04800000000000
6.01600000000000
6.00500000000000
5.98200000000000
5.97300000000000
5.94700000000000
5.94000000000000
5.91900000000000
5.91100000000000
5.88700000000000
5.87500000000000
5.84600000000000
5.82600000000000
5.79800000000000
5.78700000000000
5.75100000000000
5.74600000000000
5.71800000000000
5.70500000000000
5.68500000000000
5.68400000000000
5.65700000000000
5.65800000000000
5.64400000000000
5.64800000000000
5.62600000000000
5.62600000000000
5.61900000000000
5.61800000000000
5.60300000000000
5.61400000000000
5.59700000000000
5.60300000000000
5.58200000000000
5.58400000000000
5.56400000000000
5.56300000000000
5.54700000000000
5.54500000000000
5.53600000000000
5.54200000000000
5.52900000000000
5.53200000000000
5.52500000000000
5.53300000000000
5.52800000000000
5.52900000000000
5.51600000000000
5.52400000000000
5.51600000000000
5.52600000000000
5.52000000000000
5.52000000000000
5.51600000000000
5.52200000000000
5.51100000000000
5.52700000000000
5.51100000000000
5.51900000000000
5.51500000000000
5.52000000000000
5.51000000000000
5.51800000000000
5.52300000000000
5.53800000000000
5.53500000000000
5.54400000000000
5.55700000000000
5.57100000000000
5.58300000000000
5.60600000000000
5.60700000000000
5.62900000000000
5.63600000000000
5.66400000000000
5.67000000000000
5.69300000000000
5.70200000000000
5.73300000000000
5.75200000000000
5.76600000000000
5.77600000000000
5.79700000000000
5.81100000000000
5.82900000000000
5.84200000000000
5.87700000000000
5.89100000000000
5.93000000000000
5.94500000000000
5.97200000000000
5.99900000000000
6.02500000000000
6.05100000000000
6.08700000000000
6.09600000000000
6.13600000000000
6.16600000000000
6.19800000000000
6.21900000000000
6.25600000000000
6.28400000000000
6.33500000000000
6.36900000000000
6.39200000000000
6.44500000000000
6.49300000000000
6.51700000000000
6.57100000000000
6.61700000000000
6.65800000000000
6.68900000000000
6.74800000000000
6.79600000000000
6.84200000000000
6.89700000000000
6.95500000000000
7.00300000000000
7.05400000000000
7.11100000000000
7.17900000000000
7.23500000000000
7.27400000000000
7.33900000000000
7.41400000000000
7.48100000000000
7.53600000000000
7.59400000000000
7.66900000000000
7.73400000000000
7.77600000000000
7.83300000000000
7.89300000000000
7.95200000000000
8
8.04500000000000
8.10300000000000
8.15500000000000
8.20500000000000
8.24100000000000
8.26400000000000
8.32100000000000
8.35200000000000
8.39400000000000
8.43000000000000
8.44800000000000
8.47700000000000
8.51200000000000
8.53500000000000
8.56200000000000
8.59300000000000
8.61800000000000
8.64000000000000
8.67000000000000
8.68900000000000
8.72000000000000
8.73800000000000
8.75500000000000
8.77700000000000
8.77800000000000
8.77800000000000
8.79400000000000
8.80500000000000
8.80700000000000
8.80900000000000
8.81100000000000
8.79900000000000
8.79500000000000
8.78900000000000
8.77900000000000
8.76700000000000
8.75400000000000
8.75000000000000
8.73800000000000
8.73900000000000
8.73500000000000
8.74400000000000
8.75300000000000
8.75500000000000
8.78000000000000
8.78700000000000
8.79000000000000
8.79800000000000
8.79400000000000
8.81100000000000
8.82000000000000
8.83600000000000
8.84500000000000
8.85400000000000
8.85800000000000
8.86800000000000
8.86900000000000
8.88400000000000
8.88800000000000
8.90000000000000
8.92200000000000
8.95100000000000
8.97300000000000
9.01000000000000
9.03400000000000
9.11000000000000
9.14600000000000
9.19500000000000
9.25900000000000
9.31500000000000
9.38000000000000
9.45700000000000
9.53500000000000
9.63300000000000
9.72300000000000
9.82400000000000
9.93500000000000
10.0500000000000
10.1800000000000
10.3100000000000
10.4200000000000
10.5900000000000
10.7500000000000
10.9400000000000
11.1000000000000
11.3900000000000
11.6000000000000
11.8400000000000
12.0800000000000
12.3500000000000
12.6600000000000
13.0100000000000
13.3400000000000
13.7500000000000
14.1200000000000
14.7800000000000
15.2900000000000
15.8600000000000
16.4100000000000
17.0900000000000
17.7400000000000
18.5300000000000
19.2500000000000
20.5100000000000
21.4800000000000
22.5000000000000
23.6700000000000
24.8300000000000
26.2200000000000
27.5100000000000
29.7200000000000
31.4400000000000
33.1700000000000
35.0400000000000
37.2500000000000
39.2700000000000
42.6900000000000
45.3000000000000
47.8900000000000
50.6000000000000
53.6000000000000
57.6100000000000
60.8800000000000
64.0100000000000
67.2000000000000
70.5900000000000
74.9700000000000
78.4100000000000
81.5700000000000
84.6900000000000
87.5200000000000
91.8900000000000
94.5600000000000
97.2200000000000
99.9500000000000
103.300000000000
105.700000000000
107.800000000000
109.700000000000
112.300000000000
114
115.700000000000
117.100000000000
119
120.300000000000
121.500000000000
122.600000000000
124
124.800000000000
125.700000000000
126.500000000000
127.500000000000
128.100000000000
128.600000000000
129.200000000000
129.600000000000
129.900000000000
130.300000000000
130.400000000000
130.600000000000
130.600000000000
130.600000000000
130.500000000000
130.400000000000
130.100000000000
129.900000000000
129.600000000000
129.100000000000
128.700000000000
128.200000000000
127.500000000000
127
126.400000000000
125.600000000000
124.900000000000
124.200000000000
123.200000000000
122.400000000000
121.600000000000
120.600000000000
119.700000000000
119
117.800000000000
117
115.700000000000
114.900000000000
114
112.800000000000
111.800000000000
111
109.700000000000
108.800000000000
107.600000000000
106.600000000000
105.800000000000
104.400000000000
103.600000000000
102.300000000000
101.400000000000
100.500000000000
99.2800000000000
98.3100000000000
97.1100000000000
96.3100000000000
94.8800000000000
94.1200000000000
93.4100000000000
92.0600000000000
91.2100000000000
90.0900000000000
89.2900000000000
88.0400000000000
87.2500000000000
86.1100000000000
85.3200000000000
84.6000000000000
83.3600000000000
82.6200000000000
81.5100000000000
80.7600000000000
79.7300000000000
79.0400000000000
78
77.2300000000000
76.2800000000000
75.5700000000000
74.6300000000000
73.9200000000000
72.9800000000000
72.3400000000000
71.4100000000000
70.8200000000000
69.8600000000000
69.2400000000000
68.6500000000000
67.7900000000000
66.8800000000000
66.3400000000000
65.4800000000000
64.9000000000000
64.1200000000000
63.5800000000000
62.8100000000000
62.3200000000000
61.5600000000000
61.0500000000000
60.2900000000000
59.8000000000000
59.0700000000000
58.5700000000000
57.8800000000000
57.4600000000000
56.8000000000000
56.3200000000000
55.6600000000000
55.0300000000000
54.6300000000000
53.9800000000000
53.5600000000000
52.9400000000000
52.5600000000000
51.9700000000000
51.3800000000000
50.9800000000000
50.4700000000000
50.0600000000000
49.5100000000000
49.1500000000000
48.6000000000000
48.0600000000000
47.7300000000000
47.1800000000000
46.8500000000000
46.3500000000000
45.8400000000000
45.5300000000000
45.0300000000000
44.7300000000000
44.2600000000000
43.7900000000000
43.4800000000000
43.0200000000000
42.7300000000000
42.2800000000000
41.8600000000000
41.5500000000000
41.1500000000000
40.7200000000000
40.4600000000000
40.0200000000000
39.7500000000000
39.3400000000000
38.9400000000000
38.6800000000000
38.2700000000000
37.9000000000000
37.6200000000000
37.2600000000000
36.8700000000000
36.6400000000000
36.2800000000000
35.9200000000000
35.6800000000000
35.3600000000000
34.9900000000000
34.7900000000000
34.4700000000000
34.1300000000000
33.9200000000000
33.6300000000000
33.2900000000000
33.0900000000000
32.8000000000000
32.5100000000000
32.3100000000000
32
31.7200000000000
31.5400000000000
31.2700000000000
30.9700000000000
30.7100000000000
30.5200000000000
30.2500000000000
29.9900000000000
29.8000000000000
29.5800000000000
29.2900000000000
29.0600000000000
28.8800000000000
28.6500000000000
28.4000000000000
28.2200000000000
27.9900000000000
27.7600000000000
27.5100000000000
27.3700000000000
27.1300000000000
26.9200000000000
26.7100000000000
26.5700000000000
26.3700000000000
26.1700000000000
25.9700000000000
25.8400000000000
25.6500000000000
25.4700000000000
25.2800000000000
25.1800000000000
25.0100000000000
24.8500000000000
24.6600000000000
24.5500000000000
24.3800000000000
24.2000000000000
24.0100000000000
23.8600000000000
23.7400000000000
23.5800000000000
23.4200000000000
23.2800000000000
23.1800000000000
23.0400000000000
22.8900000000000
22.7500000000000
22.6200000000000
22.5200000000000
22.3900000000000
22.2700000000000
22.1400000000000
22.0200000000000
21.9400000000000
21.8300000000000
21.7200000000000
21.6200000000000
21.5000000000000
21.4000000000000
21.3300000000000
21.2300000000000
21.1200000000000
21.0200000000000
20.9100000000000
20.8500000000000
20.7700000000000
20.6700000000000
20.5800000000000
20.4900000000000
20.4000000000000
20.3300000000000
20.2700000000000
20.1800000000000
20.1000000000000
20.0200000000000
19.9500000000000
19.8700000000000
19.8300000000000
19.7600000000000
19.6900000000000
19.6300000000000
19.5800000000000
19.5200000000000
19.4600000000000
19.4200000000000
19.3800000000000
19.3300000000000
19.2800000000000
19.2300000000000
19.1800000000000
19.1300000000000
19.0900000000000
19.0400000000000
19
18.9600000000000
18.8900000000000
18.8400000000000
18.8000000000000
18.7400000000000
18.7000000000000
18.6600000000000
18.6000000000000
18.5600000000000
18.5200000000000
18.4900000000000
18.4500000000000
18.4300000000000
18.3900000000000
18.3700000000000
18.3700000000000
18.3800000000000
18.3700000000000
18.3600000000000
18.3500000000000
18.3500000000000
18.3500000000000
18.3400000000000
18.3300000000000
18.3300000000000
18.3300000000000
18.3400000000000
18.3300000000000
18.3400000000000
18.3400000000000
18.3200000000000
18.3100000000000
18.2900000000000
18.2800000000000
18.2800000000000
18.2900000000000
18.2900000000000
18.3000000000000
18.3200000000000
18.3500000000000
18.3600000000000
18.3700000000000
18.3700000000000
18.3800000000000
18.3700000000000
18.4000000000000
18.4200000000000
18.4300000000000
18.4600000000000
18.4900000000000
18.5100000000000
18.5400000000000
18.5700000000000
18.5800000000000
18.6000000000000
18.6400000000000
18.6500000000000
18.6700000000000
18.7000000000000
18.7500000000000
18.7900000000000
18.8300000000000
18.8800000000000
18.9300000000000
18.9700000000000
19.0300000000000
19.0800000000000
19.1300000000000
19.1900000000000
19.2400000000000
19.2900000000000
19.3400000000000
19.4000000000000
19.4600000000000
19.5100000000000
19.6100000000000
19.6600000000000
19.7300000000000
19.8000000000000
19.8500000000000
19.9100000000000
19.9700000000000
20.0400000000000
20.1300000000000
20.2000000000000
20.2700000000000
20.3800000000000
20.4600000000000
20.5400000000000
20.6200000000000
20.7100000000000
20.7900000000000
20.8700000000000
20.9400000000000
21.0300000000000
21.1100000000000
21.2600000000000
21.3500000000000
21.4500000000000
21.5300000000000
21.6400000000000
21.7400000000000
21.8300000000000
21.9200000000000
22.0200000000000
22.1200000000000
22.2300000000000
22.3400000000000
22.4500000000000
22.6400000000000
22.7600000000000
22.8700000000000
23.0100000000000
23.1300000000000
23.2700000000000
23.3800000000000
23.5100000000000
23.6300000000000
23.7700000000000
23.8500000000000
24.0900000000000
24.1800000000000
24.3300000000000
24.4400000000000
24.5900000000000
24.7000000000000
24.8500000000000
24.9500000000000
25.2300000000000
25.3400000000000
25.4900000000000
25.6400000000000
25.7900000000000
25.9200000000000
26.1100000000000
26.2300000000000
26.5300000000000
26.6400000000000
26.8100000000000
26.9500000000000
27.1200000000000
27.2700000000000
27.4400000000000
27.5600000000000
27.8900000000000
28.0200000000000
28.1900000000000
28.3800000000000
28.5500000000000
28.6900000000000
29.0300000000000
29.1600000000000
29.3400000000000
29.5100000000000
29.6900000000000
29.8800000000000
30.0200000000000
30.3800000000000
30.5400000000000
30.7300000000000
30.9200000000000
31.0700000000000
31.4500000000000
31.6000000000000
31.8000000000000
31.9900000000000
32.1900000000000
32.3800000000000
32.7200000000000
32.9000000000000
33.1100000000000
33.3100000000000
33.4800000000000
33.8800000000000
34.0400000000000
34.2600000000000
34.4700000000000
34.6800000000000
34.8600000000000
35.2800000000000
35.4700000000000
35.7000000000000
35.9200000000000
36.1000000000000
36.5600000000000
36.7500000000000
36.9700000000000
37.1600000000000
37.6100000000000
37.7700000000000
38.0100000000000
38.2700000000000
38.4800000000000
38.9200000000000
39.1300000000000
39.3800000000000
39.5700000000000
40.0700000000000
40.2400000000000
40.5000000000000
40.7800000000000
40.9600000000000
41.4700000000000
41.6700000000000
41.9600000000000
42.2000000000000
42.6800000000000
42.9300000000000
43.1900000000000
43.4200000000000
43.8800000000000
44.1300000000000
44.3900000000000
44.6400000000000
45.1300000000000
45.3800000000000
45.6500000000000
45.9000000000000
46.3800000000000
46.6300000000000
46.9000000000000
47.1400000000000
47.6400000000000
47.8700000000000
48.1700000000000
48.3600000000000
48.9400000000000
49.1700000000000
49.4000000000000
49.9700000000000
50.2100000000000
50.5000000000000
50.7800000000000
51.3100000000000
51.5900000000000
51.9100000000000
52.4600000000000
52.7500000000000
53.1000000000000
53.3900000000000
54.0100000000000
54.2900000000000
54.6200000000000
55.2300000000000
55.5500000000000
55.8800000000000
56.1800000000000
56.8600000000000
57.1300000000000
57.4600000000000
58.0800000000000
58.4100000000000
58.7800000000000
59.4600000000000
59.7600000000000
60.0900000000000
60.3900000000000
61.0700000000000
61.4600000000000
61.8000000000000
62.5000000000000
62.8600000000000
63.1600000000000
63.9200000000000
64.2700000000000
64.6200000000000
65.3900000000000
65.7400000000000
66.0900000000000
66.8500000000000
67.2500000000000
67.5900000000000
68.4200000000000
68.8100000000000
69.1800000000000
70.0900000000000
70.4600000000000
70.8400000000000
71.7400000000000
72.1200000000000
72.4900000000000
73.4000000000000
73.8100000000000
74.2300000000000
75.1400000000000
75.5400000000000
75.9100000000000
76.7500000000000
77.1800000000000
78.0100000000000
78.3900000000000
78.8000000000000
79.7000000000000
80.0500000000000
80.4600000000000
81.3600000000000
81.7300000000000
82.1500000000000
82.9500000000000
83.3800000000000
84.2300000000000
84.7400000000000
85.1000000000000
85.8400000000000
86.1700000000000
86.3700000000000
87.0800000000000
87.6200000000000
88.8400000000000
89.0400000000000
89.4500000000000
90.5500000000000
90.8900000000000
91.3400000000000
92.0400000000000
92.4400000000000
93.0800000000000
93.3300000000000
93.5800000000000
94.1600000000000
94.4800000000000
94.9900000000000
95.3000000000000