1.51150000000000
1.51150000000000
1.51150000000000
1.51150000000000
1.51150000000000
1.51150000000000
1.51080000000000
1.51010000000000
1.50950000000000
1.50880000000000
1.50810000000000
1.50760000000000
1.50710000000000
1.50650000000000
1.50600000000000
1.50550000000000
1.50500000000000
1.50460000000000
1.50410000000000
1.50370000000000
1.50320000000000
1.50290000000000
1.50260000000000
1.50220000000000
1.50190000000000
1.50160000000000
1.50130000000000
1.50100000000000
1.50080000000000
1.50050000000000
1.50020000000000
1.50000000000000
1.49970000000000
1.49950000000000
1.49920000000000
1.49900000000000
1.49880000000000
1.49860000000000
1.49840000000000
1.49820000000000
1.49800000000000
1.49770000000000
1.49740000000000
1.49720000000000
1.49690000000000
1.49660000000000
1.49640000000000
1.49620000000000
1.49590000000000
1.49570000000000
1.49550000000000
1.49530000000000
1.49510000000000
1.49490000000000
1.49470000000000
1.49450000000000
1.49430000000000
1.49420000000000
1.49400000000000
1.49390000000000
1.49370000000000
1.49350000000000
1.49340000000000
1.49320000000000
1.49310000000000
1.49290000000000
1.49280000000000
1.49270000000000
1.49250000000000
1.49240000000000
1.49230000000000
1.49220000000000
1.49200000000000
1.49190000000000
1.49170000000000
1.49160000000000
1.49150000000000
1.49140000000000
1.49120000000000
1.49110000000000
1.49100000000000
1.49090000000000
1.49070000000000
1.49060000000000
1.49040000000000
1.49030000000000
1.49020000000000
1.49000000000000
1.48990000000000
1.48970000000000
1.48960000000000
1.48950000000000
1.48930000000000
1.48920000000000
1.48900000000000
1.48890000000000
1.48870000000000
1.48850000000000
1.48840000000000
1.48820000000000
1.48800000000000
1.48780000000000
1.48760000000000
1.48750000000000
1.48730000000000
1.48710000000000
1.48690000000000
1.48670000000000
1.48650000000000
1.48630000000000
1.48610000000000
1.48590000000000
1.48560000000000
1.48540000000000
1.48510000000000
1.48490000000000
1.48460000000000
1.48440000000000
1.48410000000000
1.48390000000000
1.48360000000000
1.48330000000000
1.48300000000000
1.48280000000000
1.48250000000000
1.48220000000000
1.48190000000000
1.48160000000000
1.48130000000000
1.48100000000000
1.48070000000000
1.48040000000000
1.48010000000000
1.47970000000000
1.47940000000000
1.47910000000000
1.47880000000000
1.47840000000000
1.47810000000000
1.47770000000000
1.47740000000000
1.47710000000000
1.47670000000000
1.47640000000000
1.47600000000000
1.47570000000000
1.47530000000000
1.47500000000000
1.47460000000000
1.47430000000000
1.47390000000000
1.47350000000000
1.47320000000000
1.47280000000000
1.47250000000000
1.47210000000000
1.47170000000000
1.47130000000000
1.47090000000000
1.47050000000000
1.47010000000000
1.46970000000000
1.46930000000000
1.46890000000000
1.46850000000000
1.46810000000000
1.46770000000000
1.46730000000000
1.46700000000000
1.46660000000000
1.46620000000000
1.46580000000000
1.46540000000000
1.46510000000000
1.46470000000000
1.46430000000000
1.46390000000000
1.46350000000000
1.46320000000000
1.46280000000000
1.46240000000000
1.46200000000000
1.46160000000000
1.46130000000000
1.46090000000000
1.46050000000000
1.46020000000000
1.45980000000000
1.45950000000000
1.45910000000000
1.45880000000000
1.45850000000000
1.45820000000000
1.45790000000000
1.45760000000000
1.45730000000000
1.45700000000000
1.45670000000000
1.45650000000000
1.45620000000000
1.45590000000000
1.45560000000000
1.45530000000000
1.45510000000000
1.45480000000000
1.45450000000000
1.45430000000000
1.45400000000000
1.45380000000000
1.45350000000000
1.45330000000000
1.45310000000000
1.45280000000000
1.45260000000000
1.45230000000000
1.45210000000000
1.45190000000000
1.45170000000000
1.45140000000000
1.45120000000000
1.45100000000000
1.45080000000000
1.45060000000000
1.45040000000000
1.45020000000000
1.45000000000000
1.44980000000000
1.44970000000000
1.44950000000000
1.44940000000000
1.44920000000000
1.44910000000000
1.44890000000000
1.44880000000000
1.44860000000000
1.44850000000000
1.44840000000000
1.44830000000000
1.44820000000000
1.44810000000000
1.44800000000000
1.44790000000000
1.44780000000000
1.44780000000000
1.44770000000000
1.44760000000000
1.44750000000000
1.44750000000000
1.44740000000000
1.44740000000000
1.44730000000000
1.44730000000000
1.44720000000000
1.44720000000000
1.44710000000000
1.44710000000000
1.44700000000000
1.44700000000000
1.44690000000000
1.44690000000000
1.44680000000000
1.44680000000000
1.44680000000000
1.44670000000000
1.44670000000000
1.44670000000000
1.44660000000000
1.44660000000000
1.44650000000000
1.44650000000000
1.44640000000000
1.44640000000000
1.44630000000000
1.44630000000000
1.44620000000000
1.44620000000000
1.44610000000000
1.44600000000000
1.44600000000000
1.44590000000000
1.44580000000000
1.44570000000000
1.44570000000000
1.44560000000000
1.44560000000000
1.44550000000000
1.44540000000000
1.44530000000000
1.44530000000000
1.44520000000000
1.44510000000000
1.44500000000000
1.44500000000000
1.44490000000000
1.44490000000000
1.44480000000000
1.44470000000000
1.44460000000000
1.44460000000000
1.44450000000000
1.44440000000000
1.44430000000000
1.44420000000000
1.44410000000000
1.44400000000000
1.44390000000000
1.44380000000000
1.44370000000000
1.44350000000000
1.44340000000000
1.44330000000000
1.44310000000000
1.44300000000000
1.44280000000000
1.44270000000000
1.44250000000000
1.44230000000000
1.44220000000000
1.44200000000000
1.44190000000000
1.44170000000000
1.44150000000000
1.44130000000000
1.44110000000000
1.44090000000000
1.44070000000000
1.44050000000000
1.44030000000000
1.44020000000000
1.44000000000000
1.43980000000000
1.43960000000000
1.43940000000000
1.43930000000000
1.43910000000000
1.43890000000000
1.43870000000000
1.43850000000000
1.43840000000000
1.43820000000000
1.43800000000000
1.43780000000000
1.43770000000000
1.43750000000000
1.43740000000000
1.43720000000000
1.43710000000000
1.43700000000000
1.43680000000000
1.43670000000000
1.43660000000000
1.43640000000000
1.43630000000000
1.43610000000000
1.43600000000000
1.43580000000000
1.43570000000000
1.43560000000000
1.43540000000000
1.43530000000000
1.43520000000000
1.43510000000000
1.43500000000000
1.43490000000000
1.43480000000000
1.43470000000000
1.43460000000000
1.43450000000000
1.43450000000000
1.43440000000000
1.43430000000000
1.43430000000000
1.43420000000000
1.43420000000000
1.43410000000000
1.43410000000000
1.43410000000000
1.43410000000000
1.43400000000000
1.43400000000000
1.43400000000000
1.43400000000000
1.43400000000000
1.43400000000000
1.43400000000000
1.43400000000000
1.43400000000000
1.43410000000000
1.43410000000000
1.43420000000000
1.43420000000000
1.43420000000000
1.43420000000000
1.43430000000000
1.43430000000000
1.43430000000000
1.43430000000000
1.43440000000000
1.43440000000000
1.43450000000000
1.43450000000000
1.43450000000000
1.43460000000000
1.43460000000000
1.43470000000000
1.43470000000000
1.43470000000000
1.43470000000000
1.43470000000000
1.43470000000000
1.43470000000000
1.43470000000000
1.43470000000000
1.43470000000000
1.43470000000000
1.43470000000000
1.43470000000000
1.43470000000000
1.43470000000000
1.43470000000000
1.43470000000000
1.43470000000000
1.43470000000000
1.43470000000000
1.43470000000000
1.43470000000000
1.43470000000000
1.43470000000000
1.43480000000000
1.43480000000000
1.43480000000000
1.43480000000000
1.43480000000000
1.43480000000000
1.43480000000000
1.43480000000000
1.43480000000000
1.43480000000000
1.43480000000000
1.43480000000000
1.43480000000000
1.43480000000000
1.43480000000000
1.43480000000000
1.43480000000000
1.43480000000000
1.43480000000000
1.43480000000000
1.43470000000000
1.43470000000000
1.43470000000000
1.43470000000000
1.43470000000000
1.43470000000000
1.43470000000000
1.43470000000000
1.43470000000000
1.43470000000000
1.43460000000000
1.43460000000000
1.43460000000000
1.43460000000000
1.43460000000000
1.43450000000000
1.43450000000000
1.43450000000000
1.43450000000000
1.43450000000000
1.43450000000000
1.43450000000000
1.43450000000000
1.43450000000000
1.43450000000000
1.43440000000000
1.43440000000000
1.43440000000000
1.43440000000000
1.43430000000000
1.43430000000000
1.43420000000000
1.43420000000000
1.43420000000000
1.43420000000000
1.43410000000000
1.43410000000000
1.43410000000000
1.43410000000000
1.43410000000000
1.43400000000000
1.43400000000000
1.43400000000000
1.43400000000000
1.43390000000000
1.43390000000000
1.43380000000000
1.43380000000000
1.43380000000000
1.43380000000000
1.43370000000000
1.43370000000000
1.43370000000000
1.43370000000000
1.43360000000000
1.43360000000000
1.43350000000000
1.43350000000000
1.43350000000000
1.43350000000000
1.43340000000000
1.43340000000000
1.43340000000000
1.43340000000000
1.43330000000000
1.43330000000000
1.43320000000000
1.43320000000000
1.43320000000000
1.43320000000000
1.43310000000000
1.43310000000000
1.43310000000000
1.43310000000000
1.43300000000000
1.43300000000000
1.43290000000000
1.43290000000000
1.43290000000000
1.43280000000000
1.43280000000000
1.43270000000000
1.43270000000000
1.43260000000000
1.43260000000000
1.43250000000000
1.43250000000000
1.43240000000000
1.43240000000000
1.43230000000000
1.43230000000000
1.43220000000000
1.43220000000000
1.43220000000000
1.43210000000000
1.43210000000000
1.43200000000000
1.43200000000000
1.43200000000000
1.43190000000000
1.43190000000000
1.43180000000000
1.43180000000000
1.43180000000000
1.43170000000000
1.43170000000000
1.43160000000000
1.43160000000000
1.43160000000000
1.43150000000000
1.43150000000000
1.43140000000000
1.43140000000000
1.43130000000000
1.43130000000000
1.43120000000000
1.43120000000000
1.43110000000000
1.43100000000000
1.43100000000000
1.43090000000000
1.43090000000000
1.43080000000000
1.43070000000000
1.43070000000000
1.43060000000000
1.43060000000000
1.43050000000000
1.43040000000000
1.43040000000000
1.43030000000000
1.43030000000000
1.43020000000000
1.43010000000000
1.43000000000000
1.43000000000000
1.42990000000000
1.42980000000000
1.42970000000000
1.42970000000000
1.42960000000000
1.42960000000000
1.42950000000000
1.42940000000000
1.42930000000000
1.42930000000000
1.42920000000000
1.42910000000000
1.42900000000000
1.42890000000000
1.42890000000000
1.42880000000000
1.42870000000000
1.42860000000000
1.42850000000000
1.42850000000000
1.42840000000000
1.42830000000000
1.42820000000000
1.42810000000000
1.42810000000000
1.42800000000000
1.42790000000000
1.42780000000000
1.42770000000000
1.42760000000000
1.42750000000000
1.42740000000000
1.42730000000000
1.42720000000000
1.42720000000000
1.42710000000000
1.42700000000000
1.42690000000000
1.42680000000000
1.42670000000000
1.42660000000000
1.42650000000000
1.42640000000000
1.42630000000000
1.42630000000000
1.42620000000000
1.42610000000000
1.42600000000000
1.42590000000000
1.42580000000000
1.42570000000000
1.42560000000000
1.42550000000000
1.42540000000000
1.42530000000000
1.42520000000000
1.42510000000000
1.42500000000000
1.42490000000000
1.42480000000000
1.42470000000000
1.42460000000000
1.42450000000000
1.42440000000000
1.42420000000000
1.42410000000000
1.42400000000000
1.42390000000000
1.42380000000000
1.42370000000000
1.42360000000000
1.42350000000000
1.42340000000000
1.42330000000000
1.42320000000000
1.42310000000000
1.42300000000000
1.42290000000000
1.42280000000000
1.42260000000000
1.42250000000000
1.42240000000000
1.42230000000000
1.42220000000000
1.42200000000000
1.42190000000000
1.42180000000000
1.42170000000000
1.42160000000000
1.42150000000000
1.42140000000000
1.42130000000000
1.42120000000000
1.42110000000000
1.42090000000000
1.42080000000000
1.42070000000000
1.42060000000000
1.42050000000000
1.42030000000000
1.42020000000000
1.42010000000000
1.42000000000000
1.41990000000000
1.41970000000000
1.41960000000000
1.41950000000000
1.41940000000000
1.41930000000000
1.41910000000000
1.41900000000000
1.41890000000000
1.41880000000000
1.41870000000000
1.41850000000000
1.41840000000000
1.41830000000000
1.41820000000000
1.41810000000000
1.41790000000000
1.41780000000000
1.41770000000000
1.41760000000000
1.41750000000000
1.41730000000000
1.41720000000000
1.41710000000000
1.41700000000000
1.41690000000000
1.41670000000000
1.41660000000000
1.41650000000000
1.41640000000000
1.41630000000000
1.41610000000000
1.41600000000000
1.41590000000000
1.41580000000000
1.41570000000000
1.41560000000000
1.41550000000000
1.41540000000000
1.41530000000000
1.41520000000000
1.41500000000000
1.41490000000000
1.41480000000000
1.41470000000000
1.41460000000000
1.41450000000000
1.41440000000000
1.41430000000000
1.41420000000000
1.41410000000000
1.41390000000000
1.41380000000000
1.41370000000000
1.41360000000000
1.41350000000000
1.41330000000000
1.41320000000000
1.41310000000000
1.41300000000000
1.41290000000000
1.41280000000000
1.41270000000000
1.41260000000000
1.41250000000000
1.41240000000000
1.41220000000000
1.41210000000000
1.41200000000000
1.41190000000000
1.41180000000000
1.41170000000000
1.41160000000000
1.41150000000000
1.41140000000000
1.41130000000000
1.41110000000000
1.41100000000000
1.41090000000000
1.41080000000000
1.41070000000000
1.41060000000000
1.41050000000000
1.41040000000000
1.41030000000000
1.41020000000000
1.41010000000000
1.41000000000000
1.40990000000000
1.40980000000000
1.40970000000000
1.40960000000000
1.40950000000000
1.40940000000000
1.40930000000000
1.40920000000000
1.40900000000000
1.40890000000000
1.40880000000000
1.40870000000000
1.40860000000000
1.40850000000000
1.40840000000000
1.40830000000000
1.40820000000000
1.40810000000000
1.40800000000000
1.40790000000000
1.40780000000000
1.40770000000000
1.40760000000000
1.40750000000000
1.40740000000000
1.40730000000000
1.40720000000000
1.40710000000000
1.40700000000000
1.40690000000000
1.40680000000000
1.40670000000000
1.40660000000000
1.40650000000000
1.40640000000000
1.40630000000000
1.40620000000000
1.40610000000000
1.40600000000000
1.40590000000000
1.40580000000000
1.40570000000000
1.40560000000000
1.40540000000000
1.40530000000000
1.40520000000000
1.40510000000000
1.40500000000000
1.40490000000000
1.40480000000000
1.40470000000000
1.40460000000000
1.40450000000000
1.40440000000000
1.40430000000000
1.40420000000000
1.40410000000000
1.40400000000000
1.40380000000000
1.40370000000000
1.40360000000000
1.40350000000000
1.40340000000000
1.40330000000000
1.40320000000000
1.40310000000000
1.40300000000000
1.40290000000000
1.40280000000000
1.40270000000000
1.40260000000000
1.40250000000000
1.40240000000000
1.40230000000000
1.40220000000000
1.40210000000000
1.40200000000000
1.40190000000000
1.40170000000000
1.40160000000000
1.40150000000000
1.40140000000000
1.40130000000000
1.40120000000000
1.40110000000000
1.40100000000000
1.40090000000000
1.40080000000000
1.40070000000000
1.40060000000000
1.40050000000000
1.40040000000000
1.40030000000000
1.40010000000000
1.40000000000000
1.39990000000000
1.39980000000000
1.39970000000000
1.39960000000000
1.39950000000000
1.39940000000000
1.39930000000000
1.39920000000000
1.39910000000000
1.39900000000000
1.39890000000000
1.39880000000000
1.39870000000000
1.39850000000000
1.39840000000000
1.39830000000000
1.39820000000000
1.39810000000000
1.39800000000000
1.39790000000000
1.39780000000000
1.39770000000000
1.39760000000000
1.39750000000000
1.39740000000000
1.39730000000000
1.39720000000000
1.39710000000000
1.39700000000000
1.39690000000000
1.39680000000000
1.39670000000000
1.39660000000000
1.39650000000000
1.39640000000000
1.39630000000000
1.39620000000000
1.39610000000000
1.39600000000000
1.39590000000000
1.39580000000000
1.39570000000000
1.39560000000000
1.39550000000000
1.39540000000000
1.39530000000000
1.39520000000000
1.39510000000000
1.39490000000000
1.39480000000000
1.39470000000000
1.39460000000000
1.39450000000000
1.39440000000000
1.39430000000000
1.39420000000000
1.39410000000000
1.39400000000000
1.39390000000000
1.39380000000000
1.39370000000000
1.39360000000000
1.39350000000000
1.39340000000000
1.39330000000000
1.39320000000000
1.39310000000000
1.39300000000000
1.39290000000000
1.39280000000000
1.39270000000000
1.39260000000000
1.39250000000000
1.39240000000000
1.39230000000000
1.39220000000000
1.39210000000000
1.39200000000000
1.39190000000000
1.39180000000000
1.39170000000000
1.39160000000000
1.39150000000000
1.39140000000000
1.39130000000000
1.39120000000000
1.39110000000000
1.39100000000000
1.39090000000000
1.39080000000000
1.39070000000000
1.39060000000000
1.39050000000000
1.39040000000000
1.39030000000000
1.39020000000000
1.39010000000000
1.39000000000000
1.38990000000000
1.38980000000000
1.38970000000000
1.38960000000000
1.38950000000000
1.38930000000000
1.38920000000000
1.38910000000000
1.38900000000000
1.38890000000000
1.38880000000000
1.38870000000000
1.38860000000000
1.38850000000000
1.38840000000000
1.38830000000000
1.38820000000000
1.38810000000000
1.38800000000000
1.38790000000000
1.38770000000000
1.38760000000000
1.38750000000000
1.38740000000000
1.38730000000000
1.38720000000000
1.38710000000000
1.38700000000000
1.38690000000000
1.38680000000000
1.38670000000000
1.38660000000000
1.38650000000000
1.38640000000000
1.38630000000000
1.38610000000000
1.38600000000000
1.38590000000000
1.38580000000000
1.38570000000000
1.38550000000000
1.38540000000000
1.38530000000000
1.38520000000000
1.38510000000000
1.38490000000000
1.38480000000000
1.38470000000000
1.38460000000000
1.38450000000000
1.38430000000000
1.38420000000000
1.38410000000000
1.38400000000000
1.38390000000000
1.38370000000000
1.38360000000000
1.38350000000000
1.38340000000000
1.38330000000000
1.38310000000000
1.38300000000000
1.38290000000000
1.38280000000000
1.38260000000000
1.38250000000000
1.38230000000000
1.38220000000000
1.38210000000000
1.38200000000000
1.38180000000000
1.38170000000000
1.38160000000000
1.38150000000000
1.38130000000000
1.38120000000000
1.38100000000000
1.38090000000000
1.38080000000000
1.38070000000000
1.38050000000000
1.38040000000000
1.38030000000000
1.38020000000000
1.38000000000000
1.37990000000000
1.37970000000000
1.37960000000000
1.37940000000000
1.37930000000000
1.37910000000000
1.37900000000000
1.37880000000000
1.37870000000000
1.37850000000000
1.37840000000000
1.37820000000000
1.37810000000000
1.37790000000000
1.37780000000000
1.37760000000000
1.37750000000000
1.37730000000000
1.37720000000000
1.37700000000000
1.37690000000000
1.37670000000000
1.37660000000000
1.37640000000000
1.37630000000000
1.37610000000000
1.37600000000000
1.37580000000000
1.37560000000000
1.37550000000000
1.37530000000000
1.37520000000000
1.37500000000000
1.37480000000000
1.37470000000000
1.37450000000000
1.37440000000000
1.37420000000000
1.37400000000000
1.37390000000000
1.37370000000000
1.37360000000000
1.37340000000000
1.37320000000000
1.37310000000000
1.37290000000000
1.37280000000000
1.37260000000000
1.37240000000000
1.37230000000000
1.37210000000000
1.37200000000000
1.37180000000000
1.37160000000000
1.37150000000000
1.37130000000000
1.37120000000000
1.37100000000000
1.37080000000000
1.37060000000000
1.37050000000000
1.37030000000000
1.37010000000000
1.36990000000000
1.36980000000000
1.36960000000000
1.36950000000000
1.36930000000000
1.36920000000000
1.36900000000000
1.36890000000000
1.36870000000000
1.36860000000000
1.36840000000000
1.36830000000000
1.36810000000000
1.36800000000000
1.36780000000000
1.36760000000000
1.36750000000000
1.36730000000000
1.36720000000000
1.36700000000000
1.36680000000000
1.36660000000000
1.36650000000000
1.36630000000000
1.36610000000000
1.36590000000000
1.36580000000000
1.36560000000000
1.36550000000000
1.36530000000000
1.36510000000000
1.36500000000000
1.36480000000000
1.36470000000000
1.36450000000000
1.36430000000000
1.36410000000000
1.36400000000000
1.36380000000000
1.36360000000000
1.36340000000000
1.36330000000000
1.36310000000000
1.36300000000000
1.36280000000000
1.36260000000000
1.36250000000000
1.36230000000000
1.36220000000000
1.36200000000000
1.36180000000000
1.36170000000000
1.36150000000000
1.36140000000000
1.36120000000000
1.36100000000000
1.36080000000000
1.36070000000000
1.36050000000000
1.36030000000000
1.36010000000000
1.36000000000000
1.35980000000000
1.35970000000000
1.35950000000000
1.35930000000000
1.35920000000000
1.35900000000000
1.35890000000000
1.35870000000000
1.35850000000000
1.35840000000000
1.35820000000000
1.35810000000000
1.35790000000000
1.35770000000000
1.35760000000000
1.35740000000000
1.35730000000000
1.35710000000000
1.35690000000000
1.35680000000000
1.35660000000000
1.35650000000000
1.35630000000000
1.35610000000000
1.35600000000000
1.35580000000000
1.35570000000000
1.35550000000000
1.35530000000000
1.35520000000000
1.35500000000000
1.35490000000000
1.35470000000000
1.35450000000000
1.35440000000000
1.35420000000000
1.35410000000000
1.35390000000000
1.35370000000000
1.35360000000000
1.35340000000000
1.35330000000000
1.35310000000000
1.35290000000000
1.35280000000000
1.35260000000000
1.35250000000000
1.35230000000000
1.35210000000000
1.35200000000000
1.35180000000000
1.35170000000000
1.35150000000000
1.35130000000000
1.35120000000000
1.35100000000000
1.35090000000000
1.35070000000000
1.35050000000000
1.35040000000000
1.35020000000000
1.35010000000000
1.34990000000000
1.34980000000000
1.34960000000000
1.34950000000000
1.34930000000000
1.34920000000000
1.34900000000000
1.34890000000000
1.34870000000000
1.34860000000000
1.34840000000000
1.34820000000000
1.34810000000000
1.34790000000000
1.34780000000000
1.34760000000000
1.34750000000000
1.34730000000000
1.34720000000000
1.34700000000000
1.34690000000000
1.34670000000000
1.34660000000000
1.34640000000000
1.34630000000000
1.34610000000000
1.34590000000000
1.34580000000000
1.34560000000000
1.34550000000000
1.34530000000000
1.34520000000000
1.34500000000000
1.34490000000000
1.34470000000000
1.34460000000000
1.34450000000000
1.34430000000000
1.34420000000000
1.34400000000000
1.34390000000000
1.34380000000000
1.34360000000000
1.34350000000000
1.34330000000000
1.34320000000000
1.34310000000000
1.34290000000000
1.34280000000000
1.34260000000000
1.34250000000000
1.34240000000000
1.34220000000000
1.34210000000000
1.34190000000000
1.34180000000000
1.34170000000000
1.34150000000000
1.34140000000000
1.34120000000000
1.34110000000000
1.34100000000000
1.34090000000000
1.34070000000000
1.34060000000000
1.34050000000000
1.34040000000000
1.34020000000000
1.34010000000000
1.33990000000000
1.33980000000000
1.33970000000000
1.33960000000000
1.33940000000000
1.33930000000000
1.33920000000000
1.33910000000000
1.33900000000000
1.33880000000000
1.33870000000000
1.33860000000000
1.33850000000000
1.33830000000000
1.33820000000000
1.33800000000000
1.33790000000000
1.33780000000000
1.33770000000000
1.33760000000000
1.33750000000000
1.33740000000000
1.33730000000000
1.33720000000000
1.33700000000000
1.33690000000000
1.33680000000000
1.33670000000000
1.33660000000000
1.33650000000000
1.33640000000000
1.33630000000000
1.33620000000000
1.33610000000000
1.33590000000000
1.33580000000000
1.33570000000000
1.33560000000000
1.33550000000000
1.33540000000000
1.33530000000000
1.33520000000000
1.33510000000000
1.33500000000000
1.33490000000000
1.33480000000000
1.33470000000000
1.33460000000000
1.33450000000000
1.33440000000000
1.33430000000000
1.33420000000000
1.33410000000000
1.33400000000000
1.33390000000000
1.33380000000000
1.33370000000000
1.33360000000000
1.33350000000000
1.33340000000000
1.33330000000000
1.33320000000000
1.33310000000000
1.33300000000000
1.33290000000000
1.33280000000000
1.33270000000000
1.33260000000000
1.33250000000000
1.33240000000000
1.33230000000000
1.33220000000000
1.33210000000000
1.33200000000000
1.33200000000000
1.33190000000000
1.33180000000000
1.33170000000000
1.33160000000000
1.33160000000000
1.33150000000000
1.33140000000000
1.33130000000000
1.33120000000000
1.33110000000000
1.33100000000000
1.33090000000000
1.33080000000000
1.33070000000000
1.33070000000000
1.33060000000000
1.33050000000000
1.33040000000000
1.33030000000000
1.33030000000000
1.33020000000000
1.33010000000000
1.33000000000000
1.32990000000000
1.32990000000000
1.32980000000000
1.32970000000000
1.32960000000000
1.32950000000000
1.32950000000000
1.32940000000000
1.32930000000000
1.32920000000000
1.32910000000000
1.32910000000000
1.32900000000000
1.32890000000000
1.32880000000000
1.32870000000000
1.32870000000000
1.32860000000000
1.32850000000000
1.32840000000000
1.32830000000000
1.32830000000000
1.32820000000000
1.32810000000000
1.32800000000000
1.32790000000000
1.32790000000000
1.32780000000000
1.32770000000000
1.32760000000000
1.32750000000000
1.32750000000000
1.32740000000000
1.32730000000000
1.32720000000000
1.32710000000000
1.32710000000000
1.32700000000000
1.32690000000000
1.32680000000000
1.32680000000000
1.32670000000000
1.32670000000000
1.32660000000000
1.32650000000000
1.32640000000000
1.32640000000000
1.32630000000000
1.32620000000000
1.32610000000000
1.32610000000000
1.32600000000000
1.32600000000000
1.32590000000000
1.32580000000000
1.32570000000000
1.32570000000000
1.32560000000000
1.32550000000000
1.32540000000000
1.32540000000000
1.32530000000000
1.32530000000000
1.32520000000000
1.32510000000000
1.32500000000000
1.32500000000000
1.32490000000000
1.32480000000000
1.32470000000000
1.32470000000000
1.32460000000000
1.32460000000000
1.32450000000000
1.32440000000000
1.32430000000000
1.32430000000000
1.32420000000000
1.32410000000000
1.32400000000000
1.32400000000000
1.32390000000000
1.32390000000000
1.32380000000000
1.32370000000000
1.32360000000000
1.32360000000000
1.32350000000000
1.32340000000000
1.32330000000000
1.32330000000000
1.32320000000000
1.32320000000000
1.32310000000000
1.32300000000000
1.32300000000000
1.32290000000000
1.32290000000000
1.32280000000000
1.32270000000000
1.32270000000000
1.32260000000000
1.32260000000000
1.32250000000000
1.32240000000000
1.32240000000000
1.32230000000000
1.32230000000000
1.32220000000000
1.32210000000000
1.32200000000000
1.32200000000000
1.32190000000000
1.32180000000000
1.32170000000000
1.32170000000000
1.32160000000000
1.32160000000000
1.32150000000000
1.32140000000000
1.32130000000000
1.32130000000000
1.32120000000000
1.32110000000000
1.32100000000000
1.32100000000000
1.32090000000000
1.32090000000000
1.32080000000000
1.32070000000000
1.32060000000000
1.32060000000000
1.32050000000000
1.32040000000000
1.32030000000000
1.32030000000000
1.32020000000000
1.32020000000000
1.32010000000000
1.32000000000000
1.32000000000000
1.31990000000000
1.31990000000000
1.31980000000000
1.31970000000000
1.31970000000000
1.31960000000000
1.31960000000000
1.31950000000000
1.31940000000000
1.31930000000000
1.31930000000000
1.31920000000000
1.31910000000000
1.31900000000000
1.31900000000000
1.31890000000000
1.31890000000000
1.31880000000000
1.31870000000000
1.31860000000000
1.31860000000000
1.31850000000000
1.31840000000000
1.31830000000000
1.31830000000000
1.31820000000000
1.31820000000000
1.31810000000000
1.31800000000000
1.31790000000000
1.31790000000000
1.31780000000000
1.31770000000000
1.31760000000000
1.31750000000000
1.31750000000000
1.31740000000000
1.31730000000000
1.31720000000000
1.31710000000000
1.31710000000000
1.31700000000000
1.31690000000000
1.31680000000000
1.31670000000000
1.31670000000000
1.31660000000000
1.31650000000000
1.31640000000000
1.31630000000000
1.31630000000000
1.31620000000000
1.31610000000000
1.31600000000000
1.31590000000000
1.31590000000000
1.31580000000000
1.31570000000000
1.31560000000000
1.31550000000000
1.31540000000000
1.31530000000000
1.31520000000000
1.31510000000000
1.31500000000000
1.31500000000000
1.31490000000000
1.31480000000000
1.31470000000000
1.31460000000000
1.31460000000000
1.31450000000000
1.31440000000000
1.31430000000000
1.31420000000000
1.31410000000000
1.31400000000000
1.31390000000000
1.31380000000000
1.31370000000000
1.31360000000000
1.31350000000000
1.31340000000000
1.31330000000000
1.31320000000000
1.31310000000000
1.31300000000000
1.31290000000000
1.31280000000000
1.31270000000000
1.31260000000000
1.31250000000000
1.31240000000000
1.31230000000000
1.31220000000000
1.31210000000000
1.31200000000000
1.31190000000000
1.31180000000000
1.31170000000000
1.31160000000000
1.31150000000000
1.31140000000000
1.31130000000000
1.31120000000000
1.31100000000000
1.31090000000000
1.31080000000000
1.31070000000000
1.31060000000000
1.31050000000000
1.31040000000000
1.31030000000000
1.31020000000000
1.31010000000000
1.30990000000000
1.30980000000000
1.30970000000000
1.30960000000000
1.30950000000000
1.30940000000000
1.30930000000000
1.30920000000000
1.30910000000000
1.30900000000000
1.30880000000000
1.30870000000000
1.30860000000000
1.30850000000000
1.30840000000000
1.30820000000000
1.30810000000000
1.30800000000000
1.30790000000000
1.30780000000000
1.30760000000000
1.30750000000000
1.30740000000000
1.30730000000000
1.30720000000000
1.30700000000000
1.30690000000000
1.30680000000000
1.30670000000000
1.30660000000000
1.30640000000000
1.30630000000000
1.30620000000000
1.30610000000000
1.30600000000000
1.30590000000000
1.30580000000000
1.30570000000000
1.30560000000000
1.30550000000000
1.30530000000000
1.30520000000000
1.30510000000000
1.30500000000000
1.30490000000000
1.30470000000000
1.30460000000000
1.30450000000000
1.30440000000000
1.30430000000000
1.30410000000000
1.30400000000000
1.30390000000000
1.30380000000000
1.30370000000000
1.30350000000000
1.30340000000000
1.30330000000000
1.30320000000000
1.30310000000000
1.30290000000000
1.30280000000000
1.30270000000000
1.30260000000000
1.30250000000000
1.30230000000000
1.30220000000000
1.30210000000000
1.30200000000000
1.30190000000000
1.30170000000000
1.30160000000000
1.30150000000000
1.30140000000000
1.30130000000000
1.30110000000000
1.30100000000000
1.30090000000000
1.30080000000000
1.30070000000000
1.30050000000000
1.30040000000000
1.30030000000000
1.30020000000000
1.30010000000000
1.29990000000000
1.29980000000000
1.29970000000000
1.29960000000000
1.29950000000000
1.29930000000000
1.29920000000000
1.29910000000000
1.29900000000000
1.29890000000000
1.29870000000000
1.29860000000000
1.29850000000000
1.29840000000000
1.29830000000000
1.29810000000000
1.29800000000000
1.29790000000000
1.29780000000000
1.29770000000000
1.29750000000000
1.29740000000000
1.29730000000000
1.29720000000000
1.29700000000000
1.29690000000000
1.29670000000000
1.29660000000000
1.29650000000000
1.29640000000000
1.29620000000000
1.29610000000000
1.29600000000000
1.29590000000000
1.29580000000000
1.29570000000000
1.29560000000000
1.29550000000000
1.29540000000000
1.29530000000000
1.29510000000000
1.29500000000000
1.29490000000000
1.29480000000000
1.29470000000000
1.29450000000000
1.29440000000000
1.29430000000000
1.29420000000000
1.29410000000000
1.29390000000000
1.29380000000000
1.29370000000000
1.29360000000000
1.29350000000000
1.29330000000000
1.29320000000000
1.29310000000000
1.29300000000000
1.29280000000000
1.29270000000000
1.29250000000000
1.29240000000000
1.29230000000000
1.29220000000000
1.29200000000000
1.29190000000000
1.29180000000000
1.29170000000000
1.29160000000000
1.29140000000000
1.29130000000000
1.29120000000000
1.29110000000000
1.29100000000000
1.29080000000000
1.29070000000000
1.29060000000000
1.29050000000000
1.29040000000000
1.29020000000000
1.29010000000000
1.29000000000000
1.28990000000000
1.28980000000000
1.28960000000000
1.28950000000000
1.28940000000000
1.28930000000000
1.28920000000000
1.28900000000000
1.28890000000000
1.28880000000000
1.28870000000000
1.28860000000000
1.28840000000000
1.28830000000000
1.28820000000000
1.28810000000000
1.28800000000000
1.28780000000000
1.28770000000000
1.28760000000000
1.28750000000000
1.28740000000000
1.28730000000000
1.28720000000000
1.28710000000000
1.28700000000000
1.28690000000000
1.28670000000000
1.28660000000000
1.28650000000000
1.28640000000000
1.28630000000000
1.28620000000000
1.28610000000000
1.28600000000000
1.28590000000000
1.28580000000000
1.28560000000000
1.28550000000000
1.28540000000000
1.28530000000000
1.28520000000000
1.28500000000000
1.28490000000000
1.28480000000000
1.28470000000000
1.28460000000000
1.28450000000000
1.28440000000000
1.28430000000000
1.28420000000000
1.28410000000000
1.28400000000000
1.28390000000000
1.28380000000000
1.28370000000000
1.28360000000000
1.28340000000000
1.28330000000000
1.28320000000000
1.28310000000000
1.28300000000000
1.28290000000000
1.28280000000000
1.28270000000000
1.28260000000000
1.28250000000000
1.28240000000000
1.28230000000000
1.28220000000000
1.28210000000000
1.28200000000000
1.28180000000000
1.28170000000000
1.28160000000000
1.28150000000000
1.28140000000000
1.28130000000000
1.28120000000000
1.28110000000000
1.28100000000000
1.28090000000000
1.28080000000000
1.28070000000000
1.28060000000000
1.28050000000000
1.28040000000000
1.28030000000000
1.28020000000000
1.28010000000000
1.28000000000000
1.27990000000000
1.27990000000000
1.27980000000000
1.27970000000000
1.27960000000000
1.27950000000000
1.27950000000000
1.27940000000000
1.27930000000000
1.27920000000000
1.27910000000000
1.27910000000000
1.27900000000000
1.27890000000000
1.27880000000000
1.27880000000000
1.27870000000000
1.27870000000000
1.27860000000000
1.27850000000000
1.27850000000000
1.27840000000000
1.27840000000000
1.27830000000000
1.27820000000000
1.27810000000000
1.27800000000000
1.27790000000000
1.27780000000000
1.27770000000000
1.27760000000000
1.27760000000000
1.27750000000000
1.27740000000000
1.27730000000000
1.27720000000000
1.27710000000000
1.27700000000000
1.27690000000000
1.27680000000000
1.27670000000000
1.27660000000000
1.27650000000000
1.27640000000000
1.27630000000000
1.27620000000000
1.27610000000000
1.27600000000000
1.27590000000000
1.27580000000000
1.27570000000000
1.27570000000000
1.27560000000000
1.27550000000000
1.27540000000000
1.27530000000000
1.27530000000000
1.27520000000000
1.27510000000000
1.27500000000000
1.27490000000000
1.27490000000000
1.27480000000000
1.27470000000000
1.27460000000000
1.27450000000000
1.27450000000000
1.27440000000000
1.27430000000000
1.27420000000000
1.27420000000000
1.27410000000000
1.27410000000000
1.27400000000000
1.27390000000000
1.27390000000000
1.27380000000000
1.27380000000000
1.27370000000000
1.27360000000000
1.27360000000000
1.27350000000000
1.27350000000000
1.27340000000000
1.27330000000000
1.27330000000000
1.27320000000000
1.27320000000000
1.27310000000000
1.27300000000000
1.27300000000000
1.27290000000000
1.27290000000000
1.27280000000000
1.27270000000000
1.27270000000000
1.27260000000000
1.27260000000000
1.27250000000000
1.27250000000000
1.27240000000000
1.27240000000000
1.27230000000000
1.27230000000000
1.27220000000000
1.27220000000000
1.27210000000000
1.27210000000000
1.27200000000000
1.27200000000000
1.27190000000000
1.27190000000000
1.27180000000000
1.27180000000000
1.27170000000000
1.27170000000000
1.27160000000000
1.27160000000000
1.27150000000000
1.27150000000000
1.27140000000000
1.27140000000000
1.27130000000000
1.27130000000000
1.27130000000000
1.27130000000000
1.27120000000000
1.27120000000000
1.27120000000000
1.27120000000000
1.27110000000000
1.27110000000000
1.27100000000000
1.27100000000000
1.27100000000000
1.27100000000000
1.27090000000000
1.27090000000000
1.27090000000000
1.27090000000000
1.27090000000000
1.27080000000000
1.27080000000000
1.27080000000000
1.27080000000000
1.27080000000000
1.27080000000000
1.27080000000000
1.27080000000000
1.27080000000000
1.27080000000000
1.27080000000000
1.27080000000000
1.27080000000000
1.27080000000000
1.27090000000000
1.27090000000000
1.27100000000000
1.27100000000000
1.27110000000000
1.27120000000000
1.27120000000000
1.27130000000000
1.27140000000000
1.27150000000000
1.27160000000000
1.27170000000000
1.27180000000000
1.27190000000000
1.27200000000000
1.27220000000000
1.27230000000000
1.27250000000000
1.27260000000000
1.27280000000000
1.27300000000000
1.27320000000000
1.27340000000000
1.27360000000000